Seq_ID	Origin	Farming	Condition	Stage	Time	Latitude	Longitude	Variety	Date	Density_must	pH_must	Acetic_acid	Ammonia	Sugars	Glycerol	Lactic_acid	Malic_acid	PAN	Ethanol	Tartaric_acid	Citric_acid	Succinic_acid	pH	CFU	CFU_max	Total_fermentation_days	Weight_loss_max	Weight_loss_average	Time_hours_CFU_max	Region
ITS-60	LM	CONV	Control	0_initial	0	39.183196	-2.169892	Tempranillo	29/08/2020	1088	3.54	0	24	198.7	0	0	2.48	40	NA	NA	NA	NA	NA	NA	6.00E+07	24	0.501393875	0.19	192	La Mancha
ITS-78	LM	CONV	18C	0_initial	0	39.183196	-2.169892	Tempranillo	29/08/2020	1088	3.54	0	25	229.79	0	0	2.69	45	NA	NA	NA	NA	NA	NA	6.80E+07	43	0.511393207	0.11	216	La Mancha
ITS-96	LM	CONV	NH4	0_initial	0	39.183196	-2.169892	Tempranillo	29/08/2020	1088	3.54	0	403	227.07	0	0	2.41	62	NA	NA	NA	NA	NA	NA	1.12E+08	22	1.252840258	0.22	96	La Mancha
ITS-114	LM	CONV	SO2	0_initial	0	39.183196	-2.169892	Tempranillo	29/08/2020	1088	3.54	0	20	200.96	0	0	2.81	40	NA	NA	NA	NA	NA	NA	3.52E+08	29	0.568482823	0.17	72	La Mancha
ITS-59	LM	ECO	Control	0_initial	0	39.0944483	-2.3329039	Tempranillo	29/08/2020	1103	3.8	0	58	227.74	0	0	2.1	93	NA	NA	NA	NA	NA	NA	1.60E+08	34	0.903728881	0.18	192	La Mancha
ITS-77	LM	ECO	18C	0_initial	0	39.0944483	-2.3329039	Tempranillo	29/08/2020	1103	3.8	0	63	266.21	0	0	2.21	101	NA	NA	NA	NA	NA	NA	8.00E+07	43	0.67623322	0.13	192	La Mancha
ITS-95	LM	ECO	NH4	0_initial	0	39.0944483	-2.3329039	Tempranillo	29/08/2020	1103	3.8	0	392	269.91	0	0	2.13	109	NA	NA	NA	NA	NA	NA	4.48E+07	22	1.183219075	0.25	120	La Mancha
ITS-113	LM	ECO	SO2	0_initial	0	39.0944483	-2.3329039	Tempranillo	29/08/2020	1103	3.8	0	58	245.96	0	0	2.17	92	NA	NA	NA	NA	NA	NA	1.20E+08	27	2.025581969	0.22	264	La Mancha
ITS-58	M	CONV	Control	0_initial	0	40.0997	-3.390333	Tempranillo	02/09/2020	1111	3.74	0	77	254.29	0	0	1.62	95	NA	NA	NA	NA	NA	NA	4.00E+06	20	0.503947589	0.14	96	Madrid
ITS-76	M	CONV	18C	0_initial	0	40.0997	-3.390333	Tempranillo	02/09/2020	1111	3.74	0	45	248.97	0	0	1.44	96	NA	NA	NA	NA	NA	NA	4.40E+07	41	0.310613352	0.07	144	Madrid
ITS-94	M	CONV	NH4	0_initial	0	40.0997	-3.390333	Tempranillo	02/09/2020	1111	3.74	0	354	273.83	0	0	1.5	121	NA	NA	NA	NA	NA	NA	1.20E+08	20	0.53412945	0.15	168	Madrid
ITS-112	M	CONV	SO2	0_initial	0	40.0997	-3.390333	Tempranillo	02/09/2020	1111	3.74	0	46	251.16	0	0	1.4	97	NA	NA	NA	NA	NA	NA	4.40E+07	32	0.538072372	0.09	144	Madrid
ITS-57	M	ECO	Control	0_initial	0	40.1161245	-3.372384	Tempranillo	02/09/2020	1107	3.51	0	55	259.86	0	0	1.05	70	NA	NA	NA	NA	NA	NA	8.00E+07	34	0.498401354	0.11	168	Madrid
ITS-75	M	ECO	18C	0_initial	0	40.1161248	-3.3723843	Tempranillo	02/09/2020	1107	3.51	0	60	251.43	0	0	1.05	72	NA	NA	NA	NA	NA	NA	5.20E+07	28	0.366144984	0.1	96	Madrid
ITS-93	M	ECO	NH4	0_initial	0	40.1161254	-3.3723849	Tempranillo	02/09/2020	1107	3.51	0	373	271.9	0	0	1.09	98	NA	NA	NA	NA	NA	NA	4.28E+07	35	0.477326969	0.09	48	Madrid
ITS-111	M	ECO	SO2	0_initial	0	40.1161251	-3.3723846	Tempranillo	02/09/2020	1107	3.51	0	59	263.37	0	0	1.07	73	NA	NA	NA	NA	NA	NA	4.80E+07	34	0.500339737	0.09	96	Madrid
ITS-64	R1	CONV	Control	0_initial	0	42.138883	-1.884311	Tempranillo	02/09/2020	1092	3.44	0	65	236.01	0	0	1.24	74	NA	NA	NA	NA	NA	1.59E+04	4.88E+07	31	0.89265888	0.15	48	Rioja
ITS-82	R1	CONV	18C	0_initial	0	42.138883	-1.884311	Tempranillo	02/09/2020	1092	3.44	0	63	241.85	0	0	1.18	75	NA	NA	NA	NA	NA	2.20E+03	8.00E+07	34	0.381886477	0.07	96	Rioja
ITS-100	R1	CONV	NH4	0_initial	0	42.138883	-1.884311	Tempranillo	02/09/2020	1092	3.44	0	365	218.26	0	0	1.09	98	NA	NA	NA	NA	NA	3.76E+03	8.00E+07	27	0.582045172	0.11	144	Rioja
ITS-118	R1	CONV	SO2	0_initial	0	42.138883	-1.884311	Tempranillo	02/09/2020	1092	3.44	0	64	234.5	0	0	1.17	76	NA	NA	NA	NA	NA	2.14E+03	7.60E+07	19	1.013817349	0.19	144	Rioja
ITS-63	R1	ECO	Control	0_initial	0	42.135349	-1.871122	Tempranillo	02/09/2020	1095	3.48	0	16	242.36	0	0	2.37	41	NA	NA	NA	NA	NA	0.00E+00	4.80E+07	19	0.629668498	0.18	92	Rioja
ITS-81	R1	ECO	18C	0_initial	0	42.135349	-1.871122	Tempranillo	02/09/2020	1095	3.48	0	18	245.46	0	0	2.37	42	NA	NA	NA	NA	NA	0.00E+00	9.20E+07	42	0.388098318	0.08	96	Rioja
ITS-99	R1	ECO	NH4	0_initial	0	42.135349	-1.871122	Tempranillo	02/09/2020	1095	3.48	0	301	230.35	0	0	2.38	59	NA	NA	NA	NA	NA	0.00E+00	6.40E+07	19	1.061455883	0.17	72	Rioja
ITS-117	R1	ECO	SO2	0_initial	0	42.135349	-1.871122	Tempranillo	02/09/2020	1095	3.48	0	15	242.02	0	0	2.35	42	NA	NA	NA	NA	NA	0.00E+00	1.20E+08	19	0.684637551	0.19	144	Rioja
ITS-66	R2	CONV	Control	0_initial	0	42.1405764	-1.8781454	Tempranillo	02/09/2020	1097	3.52	0	35	250.76	0	0	1.87	54	NA	NA	NA	NA	NA	4.09E+03	4.00E+07	24	0.50833098	0.13	144	Rioja
ITS-84	R2	CONV	18C	0_initial	0	42.1405764	-1.8781454	Tempranillo	02/09/2020	1097	3.52	0	36	248.4	0	0	1.76	53	NA	NA	NA	NA	NA	4.48E+03	4.00E+07	33	0.485506799	0.12	144	Rioja
ITS-102	R2	CONV	NH4	0_initial	0	42.1405764	-1.8781454	Tempranillo	02/09/2020	1097	3.52	0	342	227.08	0	0	1.96	75	NA	NA	NA	NA	NA	5.42E+03	4.00E+07	19	0.658515571	0.15	144	Rioja
ITS-120	R2	CONV	SO2	0_initial	0	42.1405764	-1.8781454	Tempranillo	02/09/2020	1097	3.52	0	39	243.18	0	0	2.08	55	NA	NA	NA	NA	NA	1.92E+03	4.92E+07	20	0.642884973	0.21	96	Rioja
ITS-65	R2	ECO	Control	0_initial	0	42.140991	-1.879401	Tempranillo	02/09/2020	1099	3.57	0	7	245.52	0	0	1.5	34	NA	NA	NA	NA	NA	0.00E+00	4.00E+07	31	0.61878313	0.1	96	Rioja
ITS-83	R2	ECO	18C	0_initial	0	42.140991	-1.879401	Tempranillo	02/09/2020	1099	3.57	0	13	263.95	0	0	1.48	35	NA	NA	NA	NA	NA	0.00E+00	3.16E+07	40	0.422908601	0.07	264	Rioja
ITS-101	R2	ECO	NH4	0_initial	0	42.140991	-1.879401	Tempranillo	02/09/2020	1099	3.57	0	316	238.08	0	0	1.61	51	NA	NA	NA	NA	NA	0.00E+00	4.00E+07	19	0.850932951	0.17	144	Rioja
ITS-119	R2	ECO	SO2	0_initial	0	42.140991	-1.879401	Tempranillo	02/09/2020	1099	3.57	0	18	249.16	0	0	1.5	34	NA	NA	NA	NA	NA	0.00E+00	2.00E+07	31	0.421685396	0.1	312	Rioja
ITS-68	R3A	CONV	Control	0_initial	0	42.1399472	-1.8816524	Tempranillo	02/09/2020	1098	3.68	0	16	254.82	0	0	2.17	49	NA	NA	NA	NA	NA	4.00E+01	9.20E+07	40	0.420768992	0.1	96	Rioja
ITS-86	R3A	CONV	18C	0_initial	0	42.1399472	-1.8816524	Tempranillo	02/09/2020	1098	3.68	0	22	246.38	0	0	2.19	47	NA	NA	NA	NA	NA	NA	NA	NA	NA	NA		Rioja
ITS-104	R3A	CONV	NH4	0_initial	0	42.1399472	-1.8816524	Tempranillo	02/09/2020	1098	3.68	0	323	233.44	0	0	2.34	67	NA	NA	NA	NA	NA	1.48E+03	8.00E+07	24	1.085667553	0.14	144	Rioja
ITS-122	R3A	CONV	SO2	0_initial	0	42.1399472	-1.8816524	Tempranillo	02/09/2020	1098	3.68	0	23	243.84	0	0	2.41	48	NA	NA	NA	NA	NA	1.60E+03	6.00E+07	32	0.398744379	0.09	144	Rioja
ITS-67	R3A	ECO	Control	0_initial	0	42.1234189	-1.8844584	Tempranillo	02/09/2020	1096	3.51	0	36	245.12	0	0	1.86	47	NA	NA	NA	NA	NA	0.00E+00	4.40E+07	19	0.649283083	0.16	96	Rioja
ITS-85	R3A	ECO	18C	0_initial	0	42.1234189	-1.8844584	Tempranillo	02/09/2020	1096	3.51	0	40	247.39	0	0	2.05	51	NA	NA	NA	NA	NA	0.00E+00	4.00E+07	28	0.569352897	0.11	144	Rioja
ITS-103	R3A	ECO	NH4	0_initial	0	42.1234189	-1.8844584	Tempranillo	02/09/2020	1096	3.51	0	374	217.63	0	0	1.94	67	NA	NA	NA	NA	NA	0.00E+00	4.00E+07	19	0.493243803	0.17	96	Rioja
ITS-121	R3A	ECO	SO2	0_initial	0	42.1234189	-1.8844584	Tempranillo	02/09/2020	1096	3.51	0	40	242.18	0	0	1.91	49	NA	NA	NA	NA	NA	0.00E+00	8.00E+07	19	0.623033743	0.16	96	Rioja
ITS-70	R3B	CONV	Control	0_initial	0	42.1399979	-1.8821292	Tempranillo	02/09/2020	1094	3.52	0	34	235.45	0	0	1.86	51	NA	NA	NA	NA	NA	8.10E+03	8.00E+07	47	0.529975313	0.1	144	Rioja
ITS-88	R3B	CONV	18C	0_initial	0	42.1399979	-1.8821292	Tempranillo	02/09/2020	1094	3.52	0	42	238.13	0	0	1.64	50	NA	NA	NA	NA	NA	4.80E+03	8.00E+07	40	0.460692864	0.08	144	Rioja
ITS-106	R3B	CONV	NH4	0_initial	0	42.1399979	-1.8821292	Tempranillo	02/09/2020	1094	3.52	0	333	219.21	0	0	1.75	69	NA	NA	NA	NA	NA	6.58E+03	3.20E+07	19	0.725743268	0.16	96	Rioja
ITS-124	R3B	CONV	SO2	0_initial	0	42.1399979	-1.8821292	Tempranillo	02/09/2020	1094	3.52	0	35	235.71	0	0	1.71	53	NA	NA	NA	NA	NA	1.00E+03	8.00E+07	24	0.621998434	0.14	192	Rioja
ITS-69	R3B	ECO	Control	0_initial	0	42.1223076	-1.8856191	Tempranillo	02/09/2020	1094	3.47	0	16	243.58	0	0	1.71	28	NA	NA	NA	NA	NA	1.16E+03	8.00E+07	21	0.458572173	0.14	96	Rioja
ITS-87	R3B	ECO	18C	0_initial	0	42.1223076	-1.8856191	Tempranillo	02/09/2020	1094	3.47	0	9	232.69	0	0	1.88	30	NA	NA	NA	NA	NA	1.22E+03	8.00E+07	47	0.307892091	0.06	144	Rioja
ITS-105	R3B	ECO	NH4	0_initial	0	42.1223076	-1.8856191	Tempranillo	02/09/2020	1094	3.47	0	332	214.45	0	0	1.88	87	NA	NA	NA	NA	NA	9.00E+02	5.60E+07	19	0.991067896	0.15	48	Rioja
ITS-123	R3B	ECO	SO2	0_initial	0	42.1223076	-1.8856191	Tempranillo	02/09/2020	1094	3.47	0	14	234.13	0	0	1.9	31	NA	NA	NA	NA	NA	7.60E+02	5.64E+07	39	0.505925251	0.07	408	Rioja
ITS-72	R3C	CONV	Control	0_initial	0	42.1399912	-1.8824665	Tempranillo	02/09/2020	1098	3.65	0	9	244.82	0	0	1.69	41	NA	NA	NA	NA	NA	1.20E+04	4.00E+07	19	0.515942627	0.12	144	Rioja
ITS-90	R3C	CONV	18C	0_initial	0	42.1399912	-1.8824665	Tempranillo	02/09/2020	1098	3.65	0	36	242.17	0	0	1.86	46	NA	NA	NA	NA	NA	1.20E+03	8.00E+07	47	0.585050646	0.08	144	Rioja
ITS-108	R3C	CONV	NH4	0_initial	0	42.1399912	-1.8824665	Tempranillo	02/09/2020	1098	3.65	0	313	226.04	0	0	1.99	68	NA	NA	NA	NA	NA	3.00E+02	1.36E+08	21	0.750543569	0.13	72	Rioja
ITS-126	R3C	CONV	SO2	0_initial	0	42.1399912	-1.8824665	Tempranillo	02/09/2020	1098	3.65	0	20	238.85	0	0	1.91	48	NA	NA	NA	NA	NA	2.80E+02	4.96E+07	27	0.616868307	0.13	96	Rioja
ITS-71	R3C	ECO	Control	0_initial	0	42.12286064	-1.886675892	Tempranillo	02/09/2020	1098	3.57	0	9	245.57	0	0	1.61	37	NA	NA	NA	NA	NA	0.00E+00	4.00E+07	24	0.526495289	0.14	96	Rioja
ITS-89	R3C	ECO	18C	0_initial	0	42.12286064	-1.886675892	Tempranillo	02/09/2020	1098	3.57	0	30	249.73	0	0	1.74	44	NA	NA	NA	NA	NA	0.00E+00	8.00E+07	40	0.418142254	0.16	192	Rioja
ITS-107	R3C	ECO	NH4	0_initial	0	42.12286064	-1.886675892	Tempranillo	02/09/2020	1098	3.57	0	334	237.62	0	0	1.71	58	NA	NA	NA	NA	NA	0.00E+00	1.20E+07	21	0.981370592	0.16	192	Rioja
ITS-125	R3C	ECO	SO2	0_initial	0	42.12286064	-1.886675892	Tempranillo	02/09/2020	1098	3.57	0	5	246.46	0	0	1.83	38	NA	NA	NA	NA	NA	0.00E+00	1.60E+08	21	0.510951962	0.07	192	Rioja
ITS-56	RdG	CONV	Control	0_initial	0	38.771684	-6.127178	Garnacha	11/08/2020	1091	3.45	0	162	235.91	0	0	0.43	168	NA	NA	NA	NA	NA	1.16E+05	2.28E+08	20	0.8681635	0.2	192	Ribera del Guadiana
ITS-74	RdG	CONV	18C	0_initial	0	38.771684	-6.127178	Garnacha	11/08/2020	1091	3.45	0	186	232.54	0	0	0.48	172	NA	NA	NA	NA	NA	1.40E+05	3.08E+08	33	0.378872853	0.11	72	Ribera del Guadiana
ITS-92	RdG	CONV	NH4	0_initial	0	38.771684	-6.127178	Garnacha	11/08/2020	1091	3.45	0	522	217.57	0	0	0.47	220	NA	NA	NA	NA	NA	1.32E+05	2.64E+08	20	0.945939873	0.17	192	Ribera del Guadiana
ITS-110	RdG	CONV	SO2	0_initial	0	38.771684	-6.127178	Garnacha	11/08/2020	1091	3.45	0	161	226.03	0	0	0.46	169	NA	NA	NA	NA	NA	8.00E+03	2.80E+08	30	1.315722372	0.15	290	Ribera del Guadiana
ITS-55	RdG	ECO	Control	0_initial	0	38.78781	-6.14729	Tempranillo	11/08/2020	1096	3.91	0	20	243.03	0	0	1.92	68	NA	NA	NA	NA	NA	2.44E+04	3.56E+08	22	3.432846937	0.16	356	Ribera del Guadiana
ITS-73	RdG	ECO	18C	0_initial	0	38.78781	-6.14729	Tempranillo	11/08/2020	1096	3.91	0	14	248.17	0	0	1.97	70	NA	NA	NA	NA	NA	2.04E+04	1.48E+08	30	0.537790373	0.11	72	Ribera del Guadiana
ITS-91	RdG	ECO	NH4	0_initial	0	38.78781	-6.14729	Tempranillo	11/08/2020	1096	3.91	0	350	234.13	0	0	2.06	115	NA	NA	NA	NA	NA	1.48E+04	2.80E+08	20	1.169838511	0.17	72	Ribera del Guadiana
ITS-109	RdG	ECO	SO2	0_initial	0	38.78781	-6.14729	Tempranillo	11/08/2020	1096	3.91	0	14	247.86	0	0	1.98	71	NA	NA	NA	NA	NA	1.44E+04	4.80E+07	22	0.730083745	0.15	192	Ribera del Guadiana
ITS-62	VLP	CONV	Control	0_initial	0	38.815116	-3.391011	Tempranillo	31/08/2020	1084	3.79	0	45	190.39	0	0	1.52	110	NA	NA	NA	NA	NA	1.06E+06	3.20E+07	20	0.986211099	0.22	48	Valdepe침as
ITS-80	VLP	CONV	18C	0_initial	0	38.815116	-3.391011	Tempranillo	31/08/2020	1084	3.79	0	41	191.2	0	0	1.47	106	NA	NA	NA	NA	NA	0.00E+00	1.60E+08	20	0.438466427	0.2	192	Valdepe침as
ITS-98	VLP	CONV	NH4	0_initial	0	38.815116	-3.391011	Tempranillo	31/08/2020	1084	3.79	0	339	193.94	0	0	1.51	127	NA	NA	NA	NA	NA	8.68E+05	3.60E+07	20	1.61839101	0.22	192	Valdepe침as
ITS-116	VLP	CONV	SO2	0_initial	0	38.815116	-3.391011	Tempranillo	31/08/2020	1084	3.79	0	42	205.61	0	0	1.49	107	NA	NA	NA	NA	NA	9.74E+05	2.40E+08	22	1.307732226	0.22	144	Valdepe침as
ITS-61	VLP	ECO	Control	0_initial	0	38.815643	-3.3908634	Tempranillo	31/08/2020	1094	3.78	0	60	224.78	0	0	1.15	129	NA	NA	NA	NA	NA	3.96E+05	8.40E+07	20	1.289877027	0.29	72	Valdepe침as
ITS-79	VLP	ECO	18C	0_initial	0	38.815643	-3.3908634	Tempranillo	31/08/2020	1094	3.78	0	56	237.14	0	0	1.27	124	NA	NA	NA	NA	NA	3.96E+05	1.20E+08	20	0.653838196	0.23	120	Valdepe침as
ITS-97	VLP	ECO	NH4	0_initial	0	38.815643	-3.3908634	Tempranillo	31/08/2020	1094	3.78	0	360	226.26	0	0	1	149	NA	NA	NA	NA	NA	0.00E+00	8.80E+07	20	1.481811102	0.27	72	Valdepe침as
ITS-115	VLP	ECO	SO2	0_initial	0	38.815643	-3.3908634	Tempranillo	31/08/2020	1094	3.78	0	45	240.3	0	0	1.16	123	NA	NA	NA	NA	NA	0.00E+00	1.60E+08	22	1.446842029	0.28	144	Valdepe침as
ITS-132	LM	CONV	Control	1_middle	144	39.183196	-2.169892	Tempranillo	29/08/2020	1088	3.54	0.1	15	133.67	5.99	0.02	2.67	10	NA	NA	NA	NA	NA	3.64E+07	6.00E+07	24	0.501393875	0.19	192	La Mancha
ITS-150	LM	CONV	18C	1_middle	336	39.183196	-2.169892	Tempranillo	29/08/2020	1088	3.54	0.17	43	125.94	4.79	0.02	2.71	10	NA	NA	NA	NA	NA	1.43E+07	6.80E+07	43	0.511393207	0.11	216	La Mancha
ITS-167	LM	CONV	NH4	1_middle	96	39.183196	-2.169892	Tempranillo	29/08/2020	1088	3.54	0.05	24	133.2	5.62	0.02	2.39	33	NA	NA	NA	NA	NA	9.02E+07	1.12E+08	22	1.252840258	0.22	96	La Mancha
ITS-185	LM	CONV	SO2	1_middle	144	39.183196	-2.169892	Tempranillo	29/08/2020	1088	3.54	0.08	46	121.24	5.19	0.02	2.68	12	NA	NA	NA	NA	NA	6.48E+07	3.52E+08	29	0.568482823	0.17	72	La Mancha
ITS-131	LM	ECO	Control	1_middle	120	39.0944483	-2.3329039	Tempranillo	29/08/2020	1103	3.8	0.18	25	174.22	6.08	2.29	1.98	23	NA	NA	NA	NA	NA	4.00E+07	1.60E+08	34	0.903728881	0.18	192	La Mancha
ITS-149	LM	ECO	18C	1_middle	216	39.0944483	-2.3329039	Tempranillo	29/08/2020	1103	3.8	0.07	33	170.71	5.27	0.03	2.28	20	NA	NA	NA	NA	NA	4.95E+07	8.00E+07	43	0.67623322	0.13	192	La Mancha
ITS-166	LM	ECO	NH4	1_middle	96	39.0944483	-2.3329039	Tempranillo	29/08/2020	1103	3.8	0.22	213	180.54	5.24	2.9	1.94	48	NA	NA	NA	NA	NA	6.16E+07	4.48E+07	22	1.183219075	0.25	120	La Mancha
ITS-184	LM	ECO	SO2	1_middle	312	39.0944483	-2.3329039	Tempranillo	29/08/2020	1103	3.8	0.1	0	127.85	7.84	0.03	2.18	20	NA	NA	NA	NA	NA	8.40E+07	1.20E+08	27	2.025581969	0.22	264	La Mancha
ITS-130	M	CONV	Control	1_middle	168	40.0997	-3.390333	Tempranillo	02/09/2020	1111	3.74	0.41	53	190.17	4.15	0.04	1.87	37	NA	NA	NA	NA	NA	3.40E+06	4.00E+06	20	0.503947589	0.14	96	Madrid
ITS-148	M	CONV	18C	1_middle	264	40.0997	-3.390333	Tempranillo	02/09/2020	1111	3.74	0.49	75	202.78	4.94	0.05	1.75	36	NA	NA	NA	NA	NA	1.96E+07	4.40E+07	41	0.310613352	0.07	144	Madrid
ITS-165	M	CONV	NH4	1_middle	168	40.0997	-3.390333	Tempranillo	02/09/2020	1111	3.74	0.39	285	193.81	4.23	0.05	1.89	57	NA	NA	NA	NA	NA	5.80E+06	1.20E+08	20	0.53412945	0.15	168	Madrid
ITS-183	M	CONV	SO2	1_middle	384	40.0997	-3.390333	Tempranillo	02/09/2020	1111	3.74	0.47	7	205.73	5.53	0.06	1.51	41	NA	NA	NA	NA	NA	1.68E+07	4.40E+07	32	0.538072372	0.09	144	Madrid
ITS-129	M	ECO	Control	1_middle	360	40.1161246	-3.3723841	Tempranillo	02/09/2020	1107	3.51	0.67	12	175.82	7.56	0.79	0.57	29	NA	NA	NA	NA	NA	3.72E+05	8.00E+07	34	0.498401354	0.11	168	Madrid
ITS-147	M	ECO	18C	1_middle	364	40.1161249	-3.3723844	Tempranillo	02/09/2020	1107	3.51	0.62	42	174.17	8.34	0.71	0.48	19	NA	NA	NA	NA	NA	2.72E+07	5.20E+07	28	0.366144984	0.1	96	Madrid
ITS-164	M	ECO	NH4	1_middle	360	40.1161255	-3.372385	Tempranillo	02/09/2020	1107	3.51	0.68	295	168.79	7.41	1.08	0.32	56	NA	NA	NA	NA	NA	5.98E+05	4.28E+07	35	0.477326969	0.09	48	Madrid
ITS-182	M	ECO	SO2	1_middle	216	40.1161252	-3.3723847	Tempranillo	02/09/2020	1107	3.51	0.56	57	198.47	5.41	0.04	1.04	41	NA	NA	NA	NA	NA	1.26E+07	4.80E+07	34	0.500339737	0.09	96	Madrid
ITS-136	R1	CONV	Control	1_middle	120	42.1405764	-1.8781454	Tempranillo	02/09/2020	1092	3.44	0.27	51	157.59	4.54	0.02	1.14	30	NA	NA	NA	NA	NA	2.14E+07	4.88E+07	31	0.89265888	0.15	48	Rioja
ITS-154	R1	CONV	18C	1_middle	240	42.1405764	-1.8781454	Tempranillo	02/09/2020	1092	3.44	0.28	69	162.07	5.21	0.02	1.26	13	NA	NA	NA	NA	NA	1.00E+08	8.00E+07	34	0.381886477	0.07	96	Rioja
ITS-171	R1	CONV	NH4	1_middle	120	42.1405764	-1.8781454	Tempranillo	02/09/2020	1092	3.44	0.33	439	163.05	4.77	0.03	1.41	59	NA	NA	NA	NA	NA	2.18E+07	8.00E+07	27	0.582045172	0.11	144	Rioja
ITS-189	R1	CONV	SO2	1_middle	144	42.1405764	-1.8781454	Tempranillo	02/09/2020	1092	3.44	0.17	23	145.84	5.82	4.64	1.06	24	NA	NA	NA	NA	NA	5.94E+07	7.60E+07	19	1.013817349	0.19	144	Rioja
ITS-135	R1	ECO	Control	1_middle	96	42.135349	-1.871122	Tempranillo	02/09/2020	1095	3.48	0.08	23	157.15	6.18	8.51	1.95	5	NA	NA	NA	NA	NA	3.79E+07	4.80E+07	19	0.629668498	0.18	92	Rioja
ITS-153	R1	ECO	18C	1_middle	168	42.135349	-1.871122	Tempranillo	02/09/2020	1095	3.48	0.1	16	170.34	4.76	3.85	2.14	6	NA	NA	NA	NA	NA	4.38E+07	9.20E+07	42	0.388098318	0.08	96	Rioja
ITS-170	R1	ECO	NH4	1_middle	72	42.135349	-1.871122	Tempranillo	02/09/2020	1095	3.48	0.21	142	152.73	5.72	11.55	1.73	61	NA	NA	NA	NA	NA	4.70E+07	6.40E+07	19	1.061455883	0.17	72	Rioja
ITS-188	R1	ECO	SO2	1_middle	120	42.135349	-1.871122	Tempranillo	02/09/2020	1095	3.48	0.08	24	153.68	6.23	8.42	1.97	6	NA	NA	NA	NA	NA	4.48E+07	1.20E+08	19	0.684637551	0.19	144	Rioja
ITS-138	R2	CONV	Control	1_middle	144	42.1405764	-1.8781454	Tempranillo	02/09/2020	1097	3.52	0.13	20	185.26	4.99	1.21	1.79	23	NA	NA	NA	NA	NA	1.82E+07	4.00E+07	24	0.50833098	0.13	144	Rioja
ITS-156	R2	CONV	18C	1_middle	264	42.1405764	-1.8781454	Tempranillo	02/09/2020	1097	3.52	0.11	21	171.45	5.56	7.53	1.49	22	NA	NA	NA	NA	NA	1.67E+07	4.00E+07	33	0.485506799	0.12	144	Rioja
ITS-173	R2	CONV	NH4	1_middle	120	42.1405764	-1.8781454	Tempranillo	02/09/2020	1097	3.52	0.17	334	181.09	6.25	13.41	1.67	31	NA	NA	NA	NA	NA	1.36E+07	4.00E+07	19	0.658515571	0.15	144	Rioja
ITS-191	R2	CONV	SO2	1_middle	168	42.1405764	-1.8781454	Tempranillo	02/09/2020	1097	3.52	0	23	164.22	5.17	0.03	2.62	33	NA	NA	NA	NA	NA	2.42E+07	4.92E+07	20	0.642884973	0.21	96	Rioja
ITS-137	R2	ECO	Control	1_middle	240	42.140991	-1.879401	Tempranillo	02/09/2020	1099	3.57	0.09	16	177.36	5.59	6.7	1.41	20	NA	NA	NA	NA	NA	8.80E+06	4.00E+07	31	0.61878313	0.1	96	Rioja
ITS-155	R2	ECO	18C	1_middle	408	42.140991	-1.879401	Tempranillo	02/09/2020	1099	3.57	0.09	7	181.02	5.08	1.88	1.64	21	NA	NA	NA	NA	NA	9.00E+06	3.16E+07	40	0.422908601	0.07	264	Rioja
ITS-172	R2	ECO	NH4	1_middle	192	42.140991	-1.879401	Tempranillo	02/09/2020	1099	3.57	0.13	222	158.99	6.46	8.17	1.5	63	NA	NA	NA	NA	NA	1.20E+06	4.00E+07	19	0.850932951	0.17	144	Rioja
ITS-190	R2	ECO	SO2	1_middle	312	42.140991	-1.879401	Tempranillo	02/09/2020	1099	3.57	0.1	23	167.35	5.82	4.65	1.5	10	NA	NA	NA	NA	NA	1.40E+07	2.00E+07	31	0.421685396	0.1	312	Rioja
ITS-140	R3A	CONV	Control	1_middle	168	42.1399472	-1.8816524	Tempranillo	02/09/2020	1098	3.68	0.03	28	170.18	6.33	0.71	2.07	12	NA	NA	NA	NA	NA	1.37E+08	9.20E+07	40	0.420768992	0.1	96	Rioja
NA	R3A	CONV	18C	1_middle	NA	42.1399472	-1.8816524	Tempranillo	02/09/2020	NA	NA	NA	NA	NA	NA	NA	NA	NA	NA	NA	NA	NA	NA	NA	NA	NA	NA	NA		Rioja
ITS-175	R3A	CONV	NH4	1_middle	240	42.1399472	-1.8816524	Tempranillo	02/09/2020	1098	3.68	0.31	309	160.69	6.54	7.84	1.95	52	NA	NA	NA	NA	NA	2.34E+07	8.00E+07	24	1.085667553	0.14	144	Rioja
ITS-193	R3A	CONV	SO2	1_middle	264	42.1399472	-1.8816524	Tempranillo	02/09/2020	1098	3.68	0	39	177.91	5.23	0.05	2.52	19	NA	NA	NA	NA	NA	1.23E+07	6.00E+07	32	0.398744379	0.09	144	Rioja
ITS-139	R3A	ECO	Control	1_middle	144	42.1234189	-1.8844584	Tempranillo	02/09/2020	1096	3.51	0.13	6	164.7	5.28	8.14	1.54	10	NA	NA	NA	NA	NA	3.86E+07	4.40E+07	19	0.649283083	0.16	96	Rioja
ITS-157	R3A	ECO	18C	1_middle	264	42.1234189	-1.8844584	Tempranillo	02/09/2020	1096	3.51	0.16	22	167.76	5.7	8.85	1.42	29	NA	NA	NA	NA	NA	2.28E+07	4.00E+07	28	0.569352897	0.11	144	Rioja
ITS-174	R3A	ECO	NH4	1_middle	144	42.1234189	-1.8844584	Tempranillo	02/09/2020	1096	3.51	0.34	341	168.73	4.54	0.52	2.52	66	NA	NA	NA	NA	NA	6.40E+06	4.00E+07	19	0.493243803	0.17	96	Rioja
ITS-192	R3A	ECO	SO2	1_middle	144	42.1234189	-1.8844584	Tempranillo	02/09/2020	1096	3.51	0.12	23	157.35	5.74	12.39	1.45	23	NA	NA	NA	NA	NA	3.32E+07	8.00E+07	19	0.623033743	0.16	96	Rioja
ITS-142	R3B	CONV	Control	1_middle	168	42.1399979	-1.8821292	Tempranillo	02/09/2020	1094	3.52	0.08	33	168.19	5.16	3.33	1.54	7	NA	NA	NA	NA	NA	8.00E+06	8.00E+07	47	0.529975313	0.1	144	Rioja
ITS-159	R3B	CONV	18C	1_middle	288	42.1399979	-1.8821292	Tempranillo	02/09/2020	1094	3.52	0.04	34	178.12	4.86	3.18	1.63	47	NA	NA	NA	NA	NA	1.45E+07	8.00E+07	40	0.460692864	0.08	144	Rioja
ITS-177	R3B	CONV	NH4	1_middle	144	42.1399979	-1.8821292	Tempranillo	02/09/2020	1094	3.52	0.16	299	135.82	4.71	9.99	1.37	66	NA	NA	NA	NA	NA	1.36E+07	3.20E+07	19	0.725743268	0.16	96	Rioja
ITS-195	R3B	CONV	SO2	1_middle	192	42.1399979	-1.8821292	Tempranillo	02/09/2020	1094	3.52	0.07	19	135.58	7.62	6.66	1.65	24	NA	NA	NA	NA	NA	2.18E+07	8.00E+07	24	0.621998434	0.14	192	Rioja
ITS-141	R3B	ECO	Control	1_middle	144	42.1223076	-1.8856191	Tempranillo	02/09/2020	1094	3.47	0.06	19	158.72	5.53	9.54	1.6	4	NA	NA	NA	NA	NA	2.00E+06	8.00E+07	21	0.458572173	0.14	96	Rioja
ITS-158	R3B	ECO	18C	1_middle	264	42.1223076	-1.8856191	Tempranillo	02/09/2020	1094	3.47	0.14	37	162.37	4.69	4.67	1.78	25	NA	NA	NA	NA	NA	2.45E+07	8.00E+07	47	0.307892091	0.06	144	Rioja
ITS-176	R3B	ECO	NH4	1_middle	72	42.1223076	-1.8856191	Tempranillo	02/09/2020	1094	3.47	0.07	155	155.96	4.46	9.85	1.31	22	NA	NA	NA	NA	NA	4.15E+07	5.60E+07	19	0.991067896	0.15	48	Rioja
ITS-194	R3B	ECO	SO2	1_middle	336	42.1223076	-1.8856191	Tempranillo	02/09/2020	1094	3.47	0.06	32	164.06	5.12	9.79	1.57	4	NA	NA	NA	NA	NA	1.89E+07	5.64E+07	39	0.505925251	0.07	408	Rioja
ITS-144	R3C	CONV	Control	1_middle	144	42.1399912	-1.8824665	Tempranillo	02/09/2020	1098	3.65	0.03	34	173.45	4.84	3.9	1.72	18	NA	NA	NA	NA	NA	2.01E+07	4.00E+07	19	0.515942627	0.12	144	Rioja
ITS-161	R3C	CONV	18C	1_middle	336	42.1399912	-1.8824665	Tempranillo	02/09/2020	1098	3.65	0.1	21	175.62	4.68	3.68	1.67	23	NA	NA	NA	NA	NA	1.56E+07	8.00E+07	47	0.585050646	0.08	144	Rioja
ITS-179	R3C	CONV	NH4	1_middle	120	42.1399912	-1.8824665	Tempranillo	02/09/2020	1098	3.65	0.18	326	161.54	4.82	13.68	1.32	30	NA	NA	NA	NA	NA	3.18E+07	1.36E+08	21	0.750543569	0.13	72	Rioja
ITS-197	R3C	CONV	SO2	1_middle	192	42.1399912	-1.8824665	Tempranillo	02/09/2020	1098	3.65	0.21	35	169.02	6.45	0.11	1.74	21	NA	NA	NA	NA	NA	1.94E+07	4.96E+07	27	0.616868307	0.13	96	Rioja
ITS-143	R3C	ECO	Control	1_middle	120	42.12286064	-1.886675892	Tempranillo	02/09/2020	1098	3.57	0.19	40	187.24	6.96	1.06	1.56	26	NA	NA	NA	NA	NA	3.36E+07	4.00E+07	24	0.526495289	0.14	96	Rioja
ITS-160	R3C	ECO	18C	1_middle	264	42.12286064	-1.886675892	Tempranillo	02/09/2020	1098	3.57	0.16	40	175.1	6.5	0.41	1.78	5	NA	NA	NA	NA	NA	1.20E+07	8.00E+07	40	0.418142254	0.16	192	Rioja
ITS-178	R3C	ECO	NH4	1_middle	96	42.12286064	-1.886675892	Tempranillo	02/09/2020	1098	3.57	0.21	232	138.65	6.94	2.16	1.41	30	NA	NA	NA	NA	NA	5.96E+07	1.20E+07	21	0.981370592	0.16	192	Rioja
ITS-196	R3C	ECO	SO2	1_middle	168	42.12286064	-1.886675892	Tempranillo	02/09/2020	1098	3.57	0.17	39	170.64	7.02	0.12	1.71	20	NA	NA	NA	NA	NA	4.96E+07	1.60E+08	21	0.510951962	0.07	192	Rioja
ITS-127	RdG	CONV	Control	1_middle	140	38.771684	-6.127178	Garnacha	11/08/2020	1091	3.45	0.69	92	137.6	5.87	0.03	0.63	110	NA	NA	NA	NA	NA	2.69E+08	2.28E+08	20	0.8681635	0.2	192	Ribera del Guadiana
ITS-145	RdG	CONV	18C	1_middle	290	38.771684	-6.127178	Garnacha	11/08/2020	1091	3.45	0.3	157	149.05	5.1	0.02	1.27	84	NA	NA	NA	NA	NA	2.72E+08	3.08E+08	33	0.378872853	0.11	72	Ribera del Guadiana
ITS-162	RdG	CONV	NH4	1_middle	140	38.771684	-6.127178	Garnacha	11/08/2020	1091	3.45	0.68	443	132.31	6.06	0.05	0.64	136	NA	NA	NA	NA	NA	1.76E+08	2.64E+08	20	0.945939873	0.17	192	Ribera del Guadiana
ITS-180	RdG	CONV	SO2	1_middle	290	38.771684	-6.127178	Garnacha	11/08/2020	1091	3.45	0.58	100	144.03	5.23	0.03	0.64	117	NA	NA	NA	NA	NA	4.00E+08	2.80E+08	30	1.315722372	0.15	290	Ribera del Guadiana
ITS-128	RdG	ECO	Control	1_middle	72	38.78781	-6.14729	Tempranillo	11/08/2020	1096	3.91	0.04	35	154.28	5.92	0.65	2.54	10	NA	NA	NA	NA	NA	4.40E+08	3.56E+08	22	3.432846937	0.16	356	Ribera del Guadiana
ITS-146	RdG	ECO	18C	1_middle	192	38.78781	-6.14729	Tempranillo	11/08/2020	1096	3.91	0.05	16	149.57	6.35	1.57	2.56	16	NA	NA	NA	NA	NA	1.36E+08	1.48E+08	30	0.537790373	0.11	72	Ribera del Guadiana
ITS-163	RdG	ECO	NH4	1_middle	72	38.78781	-6.14729	Tempranillo	11/08/2020	1096	3.91	0.22	130	131.44	5.55	1.89	2.07	29	NA	NA	NA	NA	NA	1.95E+08	2.80E+08	20	1.169838511	0.17	72	Ribera del Guadiana
ITS-181	RdG	ECO	SO2	1_middle	164	38.78781	-6.14729	Tempranillo	11/08/2020	1096	3.91	0.03	4	147.76	5.52	4.73	2.34	14	NA	NA	NA	NA	NA	2.80E+07	4.80E+07	22	0.730083745	0.15	192	Ribera del Guadiana
ITS-134	VLP	CONV	Control	1_middle	72	38.815116	-3.391011	Tempranillo	31/08/2020	1084	3.79	0.04	36	120.38	5.74	0.03	1.86	19	NA	NA	NA	NA	NA	1.92E+07	3.20E+07	20	0.986211099	0.22	48	Valdepe人s
ITS-152	VLP	CONV	18C	1_middle	120	38.815116	-3.391011	Tempranillo	31/08/2020	1084	3.79	0.03	17	129.62	4.74	0.06	1.73	19	NA	NA	NA	NA	NA	2.20E+07	1.60E+08	20	0.438466427	0.2	192	Valdepe침as
ITS-169	VLP	CONV	NH4	1_middle	72	38.815116	-3.391011	Tempranillo	31/08/2020	1084	3.79	0.07	195	126.05	5.31	0.04	1.87	75	NA	NA	NA	NA	NA	1.22E+07	3.60E+07	20	1.61839101	0.22	192	Valdepe침as
ITS-187	VLP	CONV	SO2	1_middle	72	38.815116	-3.391011	Tempranillo	31/08/2020	1084	3.79	0.09	12	100.12	7.47	0.06	1.71	26	NA	NA	NA	NA	NA	1.02E+08	2.40E+08	22	1.307732226	0.22	144	Valdepe침as
ITS-133	VLP	ECO	Control	1_middle	72	38.815643	-3.3908634	Tempranillo	31/08/2020	1094	3.78	0.06	37	123.94	6.64	0.04	1.27	23	NA	NA	NA	NA	NA	7.08E+07	8.40E+07	20	1.289877027	0.29	72	Valdepe침as
ITS-151	VLP	ECO	18C	1_middle	120	38.815643	-3.3908634	Tempranillo	31/08/2020	1094	3.78	0.05	19	156.52	4.67	0.03	1.2	26	NA	NA	NA	NA	NA	6.86E+07	1.20E+08	20	0.653838196	0.23	120	Valdepe침as
ITS-168	VLP	ECO	NH4	1_middle	72	38.815643	-3.3908634	Tempranillo	31/08/2020	1094	3.78	0.08	53	124.6	7.11	0.05	1.12	59	NA	NA	NA	NA	NA	8.69E+07	8.80E+07	20	1.481811102	0.27	72	Valdepe침as
ITS-186	VLP	ECO	SO2	1_middle	72	38.815643	-3.3908634	Tempranillo	31/08/2020	1094	3.78	0.1	21	117.32	7.26	0.05	1.27	29	NA	NA	NA	NA	NA	8.74E+07	1.60E+08	22	1.446842029	0.28	144	Valdepe침as
ITS-203	LM	CONV	Control	2_final	336	39.183196	-2.169892	Tempranillo	29/08/2020	1088	3.54	0.16	7	23.33	8.14	0	2.38	11	NA	NA	NA	NA	NA	2.82E+07	6.00E+07	24	0.501393875	0.19	192	La Mancha
ITS-220	LM	CONV	18C	2_final	864	39.183196	-2.169892	Tempranillo	29/08/2020	1088	3.54	0.21	11	14.23	8.25	0	2.2	8	NA	NA	NA	NA	NA	1.25E+06	6.80E+07	43	0.511393207	0.11	216	La Mancha
ITS-237	LM	CONV	NH4	2_final	192	39.183196	-2.169892	Tempranillo	29/08/2020	1088	3.54	0.14	12	15.41	7.91	0	1.56	20	NA	NA	NA	NA	NA	7.66E+07	1.12E+08	22	1.252840258	0.22	96	La Mancha
ITS-255	LM	CONV	SO2	2_final	336	39.183196	-2.169892	Tempranillo	29/08/2020	1088	3.54	0.18	18	13.21	7.87	0	2.51	14	NA	NA	NA	NA	NA	2.31E+07	3.52E+08	29	0.568482823	0.17	72	La Mancha
ITS-202	LM	ECO	Control	2_final	672	39.0944483	-2.3329039	Tempranillo	29/08/2020	1103	3.8	0.5	12	10.52	8.19	2.02	1.34	25	NA	NA	NA	NA	NA	1.10E+06	1.60E+08	34	0.903728881	0.18	192	La Mancha
ITS-219	LM	ECO	18C	2_final	816	39.0944483	-2.3329039	Tempranillo	29/08/2020	1103	3.8	0.12	13	3.28	8.59	0.02	1.98	15	NA	NA	NA	NA	NA	1.87E+07	8.00E+07	43	0.67623322	0.13	192	La Mancha
ITS-236	LM	ECO	NH4	2_final	408	39.0944483	-2.3329039	Tempranillo	29/08/2020	1103	3.8	0.28	76	2.47	9.47	2.43	1.17	59	NA	NA	NA	NA	NA	4.70E+06	4.48E+07	22	1.183219075	0.25	120	La Mancha
ITS-254	LM	ECO	SO2	2_final	528	39.0944483	-2.3329039	Tempranillo	29/08/2020	1103	3.8	0.12	23	5.22	8.99	0.01	1.61	26	NA	NA	NA	NA	NA	6.96E+06	1.20E+08	27	2.025581969	0.22	264	La Mancha
ITS-201	M	CONV	Control	2_final	360	40.0997	-3.390333	Tempranillo	02/09/2020	1111	3.74	0.49	33	164.38	5.34	0.02	1.65	50	NA	NA	NA	NA	NA	8.00E+03	4.00E+06	20	0.503947589	0.14	96	Madrid
ITS-218	M	CONV	18C	2_final	480	40.0997	-3.390333	Tempranillo	02/09/2020	1111	3.74	0.57	57	178.51	5.94	0.02	1.37	25	NA	NA	NA	NA	NA	3.24E+06	4.40E+07	41	0.310613352	0.07	144	Madrid
ITS-235	M	CONV	NH4	2_final	360	40.0997	-3.390333	Tempranillo	02/09/2020	1111	3.74	0.48	232	142.77	4.89	0	1.67	79	NA	NA	NA	NA	NA	0.00E+00	1.20E+08	20	0.53412945	0.15	168	Madrid
ITS-252	M	CONV	SO2	2_final	672	40.0997	-3.390333	Tempranillo	02/09/2020	1111	3.74	0.47	24	158.81	6.66	0.04	1.13	55	NA	NA	NA	NA	NA	8.00E+03	4.40E+07	32	0.538072372	0.09	144	Madrid
ITS-200	M	ECO	Control	2_final	648	40.1161247	-3.3723842	Tempranillo	02/09/2020	1107	3.51	0.65	60	154.88	9.23	1.2	0.46	38	NA	NA	NA	NA	NA	4.35E+05	8.00E+07	34	0.498401354	0.11	168	Madrid
ITS-217	M	ECO	18C	2_final	480	40.116125	-3.3723845	Tempranillo	02/09/2020	1107	3.51	0.58	72	169.85	8.7	0.63	0.35	12	NA	NA	NA	NA	NA	2.42E+06	5.20E+07	28	0.366144984	0.1	96	Madrid
ITS-234	M	ECO	NH4	2_final	624	40.1161256	-3.3723851	Tempranillo	02/09/2020	1107	3.51	0.67	232	147.65	8.25	1.66	0.23	72	NA	NA	NA	NA	NA	8.20E+04	4.28E+07	35	0.477326969	0.09	48	Madrid
ITS-253	M	ECO	SO2	2_final	360	40.1161253	-3.3723848	Tempranillo	02/09/2020	1107	3.51	0.53	26	191.15	5.62	0.03	0.87	40	NA	NA	NA	NA	NA	5.10E+05	4.80E+07	34	0.500339737	0.09	96	Madrid
ITS-207	R1	CONV	Control	2_final	576	42.1405764	-1.8781454	Tempranillo	02/09/2020	1092	3.44	0.38	16	3.97	7.07	0	1.17	13	NA	NA	NA	NA	NA	2.03E+07	4.88E+07	31	0.89265888	0.15	48	Rioja
ITS-224	R1	CONV	18C	2_final	432	42.1405764	-1.8781454	Tempranillo	02/09/2020	1092	3.44	0.38	69	115.17	5.38	0	1.06	20	NA	NA	NA	NA	NA	5.06E+06	8.00E+07	34	0.381886477	0.07	96	Rioja
ITS-241	R1	CONV	NH4	2_final	456	42.1405764	-1.8781454	Tempranillo	02/09/2020	1092	3.44	0.4	230	99.98	5.16	0.34	1.02	58	NA	NA	NA	NA	NA	3.90E+05	8.00E+07	27	0.582045172	0.11	144	Rioja
ITS-259	R1	CONV	SO2	2_final	336	42.1405764	-1.8781454	Tempranillo	02/09/2020	1092	3.44	0.32	28	64.58	6.58	4.98	0.74	25	NA	NA	NA	NA	NA	6.26E+05	7.60E+07	19	1.013817349	0.19	144	Rioja
ITS-206	R1	ECO	Control	2_final	336	42.135349	-1.871122	Tempranillo	02/09/2020	1095	3.48	0.27	13	79.85	6.42	6.95	1.38	14	NA	NA	NA	NA	NA	2.57E+06	4.80E+07	19	0.629668498	0.18	92	Rioja
ITS-223	R1	ECO	18C	2_final	600	42.135349	-1.871122	Tempranillo	02/09/2020	1095	3.48	0.38	18	88.11	6.07	4.16	1.32	9	NA	NA	NA	NA	NA	3.11E+07	9.20E+07	42	0.388098318	0.08	96	Rioja
ITS-240	R1	ECO	NH4	2_final	312	42.135349	-1.871122	Tempranillo	02/09/2020	1095	3.48	0.28	107	81.65	5.24	9.53	1.3	35	NA	NA	NA	NA	NA	1.20E+04	6.40E+07	19	1.061455883	0.17	72	Rioja
ITS-258	R1	ECO	SO2	2_final	408	42.135349	-1.871122	Tempranillo	02/09/2020	1095	3.48	0.27	0	70.24	6.62	7.04	1.37	15	NA	NA	NA	NA	NA	2.00E+05	1.20E+08	19	0.684637551	0.19	144	Rioja
ITS-208	R2	CONV	Control	2_final	432	42.1405764	-1.8781454	Tempranillo	02/09/2020	1097	3.52	0.27	0	90.88	7.26	1.13	1.32	14	NA	NA	NA	NA	NA	1.86E+06	4.00E+07	24	0.50833098	0.13	144	Rioja
ITS-225	R2	CONV	18C	2_final	600	42.1405764	-1.8781454	Tempranillo	02/09/2020	1097	3.52	0.28	21	89.31	6.83	6.78	0.92	12	NA	NA	NA	NA	NA	1.56E+06	4.00E+07	33	0.485506799	0.12	144	Rioja
ITS-242	R2	CONV	NH4	2_final	336	42.1405764	-1.8781454	Tempranillo	02/09/2020	1097	3.52	0.23	205	92.78	6.19	12.08	1.07	37	NA	NA	NA	NA	NA	1.64E+06	4.00E+07	19	0.658515571	0.15	144	Rioja
ITS-260	R2	CONV	SO2	2_final	504	42.1405764	-1.8781454	Tempranillo	02/09/2020	1097	3.52	0.04	15	50.64	7.95	0	3.88	12	NA	NA	NA	NA	NA	0.00E+00	4.92E+07	20	0.642884973	0.21	96	Rioja
ITS-209	R2	ECO	Control	2_final	576	42.140991	-1.879401	Tempranillo	02/09/2020	1099	3.57	0.2	0	109.94	6.06	6.42	1.11	8	NA	NA	NA	NA	NA	NA	4.00E+07	31	0.61878313	0.1	96	Rioja
ITS-226	R2	ECO	18C	2_final	768	42.140991	-1.879401	Tempranillo	02/09/2020	1099	3.57	0.25	7	128.61	5.54	1.87	1.31	8	NA	NA	NA	NA	NA	7.12E+06	3.16E+07	40	0.422908601	0.07	264	Rioja
ITS-243	R2	ECO	NH4	2_final	336	42.140991	-1.879401	Tempranillo	02/09/2020	1099	3.57	0.18	155	105.42	5.61	7.45	1.05	28	NA	NA	NA	NA	NA	1.40E+06	4.00E+07	19	0.850932951	0.17	144	Rioja
ITS-261	R2	ECO	SO2	2_final	600	42.140991	-1.879401	Tempranillo	02/09/2020	1099	3.57	0.19	11	108.36	6.8	5.42	1.16	9	NA	NA	NA	NA	NA	1.60E+06	2.00E+07	31	0.421685396	0.1	312	Rioja
ITS-211	R3A	CONV	Control	2_final	600	42.1399472	-1.8816524	Tempranillo	02/09/2020	1098	3.68	0.23	6	77.24	7.67	0.63	1.61	15	NA	NA	NA	NA	NA	6.13E+05	9.20E+07	40	0.420768992	0.1	96	Rioja
NA	R3A	CONV	18C	2_final	NA	42.1399472	-1.8816524	Tempranillo	02/09/2020	NA	NA	NA	NA	NA	NA	NA	NA	NA	NA	NA	NA	NA	NA	NA	NA	NA	NA	NA		Rioja
ITS-245	R3A	CONV	NH4	2_final	432	42.1399472	-1.8816524	Tempranillo	02/09/2020	1098	3.68	0.33	201	81.27	5.74	6.55	1.39	37	NA	NA	NA	NA	NA	1.31E+06	8.00E+07	24	1.085667553	0.14	144	Rioja
ITS-263	R3A	CONV	SO2	2_final	648	42.1399472	-1.8816524	Tempranillo	02/09/2020	1098	3.68	0.23	14	98.78	6.43	0.06	2.2	14	NA	NA	NA	NA	NA	2.34E+05	6.00E+07	32	0.398744379	0.09	144	Rioja
ITS-210	R3A	ECO	Control	2_final	408	42.1234189	-1.8844584	Tempranillo	02/09/2020	1096	3.51	0.25	11	97.48	5.62	7.19	1.14	20	NA	NA	NA	NA	NA	8.28E+05	4.40E+07	19	0.649283083	0.16	96	Rioja
ITS-227	R3A	ECO	18C	2_final	600	42.1234189	-1.8844584	Tempranillo	02/09/2020	1096	3.51	0.32	18	88.48	6.03	7.73	0.97	15	NA	NA	NA	NA	NA	4.32E+05	4.00E+07	28	0.569352897	0.11	144	Rioja
ITS-244	R3A	ECO	NH4	2_final	408	42.1234189	-1.8844584	Tempranillo	02/09/2020	1096	3.51	0.42	227	88.25	5.03	0.64	1.79	41	NA	NA	NA	NA	NA	6.60E+05	4.00E+07	19	0.493243803	0.17	96	Rioja
ITS-262	R3A	ECO	SO2	2_final	408	42.1234189	-1.8844584	Tempranillo	02/09/2020	1096	3.51	0.28	15	89.08	5.95	11.09	1.01	18	NA	NA	NA	NA	NA	1.72E+05	8.00E+07	19	0.623033743	0.16	96	Rioja
ITS-212	R3B	CONV	Control	2_final	624	42.1399979	-1.8821292	Tempranillo	02/09/2020	1094	3.52	0.47	8	40.52	7.8	3.39	1.38	12	NA	NA	NA	NA	NA	4.56E+06	8.00E+07	47	0.529975313	0.1	144	Rioja
ITS-228	R3B	CONV	18C	2_final	672	42.1399979	-1.8821292	Tempranillo	02/09/2020	1094	3.52	0.19	8	88.63	6.11	3.19	1.14	12	NA	NA	NA	NA	NA	2.53E+06	8.00E+07	40	0.460692864	0.08	144	Rioja
ITS-246	R3B	CONV	NH4	2_final	336	42.1399979	-1.8821292	Tempranillo	02/09/2020	1094	3.52	0.23	201	95.9	5.54	9.29	1.02	40	NA	NA	NA	NA	NA	1.20E+04	3.20E+07	19	0.725743268	0.16	96	Rioja
ITS-264	R3B	CONV	SO2	2_final	456	42.1399979	-1.8821292	Tempranillo	02/09/2020	1094	3.52	0.22	12	87.62	7.19	6.38	1.21	16	NA	NA	NA	NA	NA	1.74E+05	8.00E+07	24	0.621998434	0.14	192	Rioja
ITS-213	R3B	ECO	Control	2_final	408	42.1223076	-1.8856191	Tempranillo	02/09/2020	1094	3.47	0.23	8	103.27	5.26	8.22	1.23	10	NA	NA	NA	NA	NA	2.04E+06	8.00E+07	21	0.458572173	0.14	96	Rioja
ITS-229	R3B	ECO	18C	2_final	600	42.1223076	-1.8856191	Tempranillo	02/09/2020	1094	3.47	0.32	7	112.36	4.77	4.87	1.3	8	NA	NA	NA	NA	NA	1.06E+07	8.00E+07	47	0.307892091	0.06	144	Rioja
ITS-247	R3B	ECO	NH4	2_final	336	42.1223076	-1.8856191	Tempranillo	02/09/2020	1094	3.47	0.2	75	96.74	4.55	9.69	1.03	38	NA	NA	NA	NA	NA	1.20E+04	5.60E+07	19	0.991067896	0.15	48	Rioja
ITS-265	R3B	ECO	SO2	2_final	600	42.1223076	-1.8856191	Tempranillo	02/09/2020	1094	3.47	0.2	10	107.45	4.84	8.26	1.16	9	NA	NA	NA	NA	NA	3.40E+06	5.64E+07	39	0.505925251	0.07	408	Rioja
ITS-215	R3C	CONV	Control	2_final	336	42.1399912	-1.8824665	Tempranillo	02/09/2020	1098	3.65	0.2	0	102.78	6.25	9.26	1.28	9	NA	NA	NA	NA	NA	1.70E+06	4.00E+07	19	0.515942627	0.12	144	Rioja
ITS-231	R3C	CONV	18C	2_final	672	42.1399912	-1.8824665	Tempranillo	02/09/2020	1098	3.65	0.28	0	95.4	6.68	7.98	1.16	9	NA	NA	NA	NA	NA	2.77E+06	8.00E+07	47	0.585050646	0.08	144	Rioja
ITS-249	R3C	CONV	NH4	2_final	336	42.1399912	-1.8824665	Tempranillo	02/09/2020	1098	3.65	0.27	187	107.51	6.06	13.37	1.17	34	NA	NA	NA	NA	NA	5.58E+04	1.36E+08	21	0.750543569	0.13	72	Rioja
ITS-267	R3C	CONV	SO2	2_final	576	42.1399912	-1.8824665	Tempranillo	02/09/2020	1098	3.65	0.25	15	84.49	7.44	3.86	1.18	13	NA	NA	NA	NA	NA	9.36E+05	4.96E+07	27	0.616868307	0.13	96	Rioja
ITS-214	R3C	ECO	Control	2_final	432	42.12286064	-1.886675892	Tempranillo	02/09/2020	1098	3.57	0.33	0	103.72	8.09	1.12	1.32	10	NA	NA	NA	NA	NA	1.11E+06	4.00E+07	24	0.526495289	0.14	96	Rioja
ITS-230	R3C	ECO	18C	2_final	600	42.12286064	-1.886675892	Tempranillo	02/09/2020	1098	3.57	0.37	0	107.1	7.78	0.36	1.61	10	NA	NA	NA	NA	NA	5.38E+05	8.00E+07	40	0.418142254	0.16	192	Rioja
ITS-248	R3C	ECO	NH4	2_final	408	42.12286064	-1.886675892	Tempranillo	02/09/2020	1098	3.57	0.34	133	100.41	7.34	2.25	1.18	28	NA	NA	NA	NA	NA	1.04E+04	1.20E+07	21	0.981370592	0.16	192	Rioja
ITS-266	R3C	ECO	SO2	2_final	432	42.12286064	-1.886675892	Tempranillo	02/09/2020	1098	3.57	0.35	0	122.32	7.12	0.14	1.54	11	NA	NA	NA	NA	NA	8.54E+05	1.60E+08	21	0.510951962	0.07	192	Rioja
ITS-199	RdG	CONV	Control	2_final	267	38.771684	-6.127178	Garnacha	11/08/2020	1091	3.45	1.23	141	10.09	9.37	0	0.37	129	NA	NA	NA	NA	NA	9.53E+07	2.28E+08	20	0.8681635	0.2	192	Ribera del Guadiana
ITS-233	RdG	CONV	NH4	2_final	267	38.771684	-6.127178	Garnacha	11/08/2020	1091	3.45	0.89	233	14.49	9.06	0	0.42	133	NA	NA	NA	NA	NA	1.41E+08	2.64E+08	20	0.945939873	0.17	192	Ribera del Guadiana
NA	RdG	CONV	18C	2_final	NA	38.771684	-6.127178	Garnacha	11/08/2020	NA	NA	NA	NA	NA	NA	NA	NA	NA	NA	NA	NA	NA	NA	NA	NA	NA	NA	NA	NA	Ribera del Guadiana
ITS-251	RdG	CONV	SO2	2_final	447	38.771684	-6.127178	Garnacha	11/08/2020	1091	3.45	0.89	139	1.2	9.34	0	0.41	106	NA	NA	NA	NA	NA	1.71E+07	2.80E+08	30	1.315722372	0.15	290	Ribera del Guadiana
ITS-198	RdG	ECO	Control	2_final	336	38.78781	-6.14729	Tempranillo	11/08/2020	1096	3.91	0.23	8	86.14	9.19	0.52	1.57	21	NA	NA	NA	NA	NA	3.26E+08	3.56E+08	22	3.432846937	0.16	356	Ribera del Guadiana
ITS-216	RdG	ECO	18C	2_final	471	38.78781	-6.14729	Tempranillo	11/08/2020	1096	3.91	0.14	10	79.88	7.4	1.24	1.71	9	NA	NA	NA	NA	NA	8.12E+07	1.48E+08	30	0.537790373	0.11	72	Ribera del Guadiana
ITS-232	RdG	ECO	NH4	2_final	336	38.78781	-6.14729	Tempranillo	11/08/2020	1096	3.91	0.38	222	64.47	9.59	1.85	1.58	64	NA	NA	NA	NA	NA	8.00E+05	2.80E+08	20	1.169838511	0.17	72	Ribera del Guadiana
ITS-250	RdG	ECO	SO2	2_final	375	38.78781	-6.14729	Tempranillo	11/08/2020	1096	3.91	0.15	12	73.49	8.76	4.14	1.31	15	NA	NA	NA	NA	NA	4.51E+06	4.80E+07	22	0.730083745	0.15	192	Ribera del Guadiana
ITS-205	VLP	CONV	Control	2_final	168	38.815116	-3.391011	Tempranillo	31/08/2020	1084	3.79	0.7	24	48.49	9.38	0	1.59	18	NA	NA	NA	NA	NA	2.34E+07	3.20E+07	20	0.986211099	0.22	48	Valdepe침as
ITS-222	VLP	CONV	18C	2_final	336	38.815116	-3.391011	Tempranillo	31/08/2020	1084	3.79	0.14	18	15.5	9.16	0	1.38	18	NA	NA	NA	NA	NA	3.00E+07	1.60E+08	20	0.438466427	0.2	192	Valdepe침as
ITS-239	VLP	CONV	NH4	2_final	144	38.815116	-3.391011	Tempranillo	31/08/2020	1084	3.79	0.59	28	18.15	9.27	0	1.42	35	NA	NA	NA	NA	NA	2.70E+07	3.60E+07	20	1.61839101	0.22	192	Valdepe침as
ITS-257	VLP	CONV	SO2	2_final	144	38.815116	-3.391011	Tempranillo	31/08/2020	1084	3.79	0.08	11	2.97	9.38	0	1.45	18	NA	NA	NA	NA	NA	1.47E+08	2.40E+08	22	1.307732226	0.22	144	Valdepe침as
ITS-204	VLP	ECO	Control	2_final	168	38.815643	-3.3908634	Tempranillo	31/08/2020	1094	3.78	0.04	30	33.43	9.29	0	1.35	21	NA	NA	NA	NA	NA	5.24E+07	8.40E+07	20	1.289877027	0.29	72	Valdepe침as
ITS-221	VLP	ECO	18C	2_final	336	38.815643	-3.3908634	Tempranillo	31/08/2020	1094	3.78	0.03	14	1.82	8.07	0	1.44	18	NA	NA	NA	NA	NA	2.48E+07	1.20E+08	20	0.653838196	0.23	120	Valdepe침as
ITS-238	VLP	ECO	NH4	2_final	144	38.815643	-3.3908634	Tempranillo	31/08/2020	1094	3.78	0.11	26	10.38	8.62	0	0.69	34	NA	NA	NA	NA	NA	3.25E+07	8.80E+07	20	1.481811102	0.27	72	Valdepe침as
ITS-256	VLP	ECO	SO2	2_final	144	38.815643	-3.3908634	Tempranillo	31/08/2020	1094	3.78	0.12	16	8.1	8.24	0	1.14	25	NA	NA	NA	NA	NA	1.13E+08	1.60E+08	22	1.446842029	0.28	144	Valdepe침as
