Sample_ID	Origin	Farming	Condition	Region	Stage	Acetic_acid	Ammonia	Sugars	Glycerol	Lactic_acid	Malic_acid	PAN	Ethanol	Tartaric_acid	Citric_acid	Succinic_acid	pH	Ethyl.acetate	Fusel.alcohol.acetates	Fusel.alcohols	EEFA	SCFA	MCFA
LM-CONV-Control	LM	CONV	Control	La Mancha	3_end	0.23	7	0.34	9.43	0.05	2.3	13	13.74	1.25	0.03	2.15	3.33	27.020	3.602	951.972	2.287	0.000	1.308
LM-CONV-18C	LM	CONV	18C	La Mancha	3_end	0.22	11	3.56	7.31	0.01	2.28	7	13.82	1.02	0	1.75	3.35	304.502	2.553	272.755	0.000	0.000	1.610
LM-CONV-NH4	LM	CONV	NH4	La Mancha	3_end	0.19	12	0.03	9.95	0	1.51	60	13.25	1.02	0.14	1.43	3.27	103.947	9.327	384.812	0.487	4.155	2.800
LM-CONV-SO2	LM	CONV	SO2	La Mancha	3_end	0.23	18	0.1	8.67	0	2.69	26	13.75	1.52	0.05	1.98	3.35	7.495	3.297	437.155	0.000	0.000	4.088
LM-ECO-Control	LM	ECO	Control	La Mancha	3_end	0.51	12	7.76	9.86	2.24	1.42	32	15.99	0.67	0.13	1.81	3.59	26.532	2.168	580.636	1.980	0.000	1.308
LM-ECO-18C	LM	ECO	18C	La Mancha	3_end	0.15	13	0.57	9.17	0.02	1.97	30	17.22	0.43	0.05	1.63	3.5	51.266	7.078	600.380	1.015	1.767	4.108
LM-ECO-NH4	LM	ECO	NH4	La Mancha	3_end	0.31	76	1.07	9.26	2.85	1.31	76	16.53	0.45	0.1	0.89	3.43	12.515	1.765	561.512	3.098	2.001	0.825
LM-ECO-SO2	LM	ECO	SO2	La Mancha	3_end	0.13	23	2.12	9.69	0.02	1.73	48	16.41	1.42	0.06	2.1	3.62	4.991	5.020	646.420	0.000	1.408	5.353
M-CONV-Control	M	CONV	Control	Madrid	3_end	0.47	33	177.55	5.05	0.03	1.52	30	7.34	0.83	0	0.12	3.88	67.251	8.766	191.558	0.999	0.000	0.118
M-CONV-18C	M	CONV	18C	Madrid	3_end	0.67	57	167.57	6.31	0.03	1.3	24	8.01	0.6	0	0.16	4.03	210.695	2.542	160.093	0.000	0.000	2.205
M-CONV-NH4	M	CONV	NH4	Madrid	3_end	0.47	232	168.6	5.01	0.04	1.6	68	7.75	1.06	0	0.04	4.22	33.936	23.261	178.186	0.000	0.000	1.611
M-CONV-SO2	M	CONV	SO2	Madrid	3_end	0.52	24	170.77	6.23	0.08	1.21	41	7.61	0.74	0	0.17	3.76	211.181	33.978	332.552	0.000	0.000	0.000
M-ECO-Control	M	ECO	Control	Madrid	3_end	0.63	60	160.78	7.62	1.25	0.43	16	7.66	0.16	0.03	0.35	3.31	92.563	2.756	584.430	0.000	0.000	2.303
M-ECO-18C	M	ECO	18C	Madrid	3_end	0.58	72	169.57	8.32	0.63	0.39	12	6.93	0.51	0	0.3	3.42	315.400	38.640	656.045	0.000	0.000	1.245
M-ECO-NH4	M	ECO	NH4	Madrid	3_end	0.65	232	152.27	7.88	1.68	0.29	42	7.86	0.1	0	0.24	3.38	333.423	103.999	721.678	0.000	0.000	1.956
M-ECO-SO2	M	ECO	SO2	Madrid	3_end	0.6	26	172.14	7.17	0.04	0.88	35	7.08	0.24	0	0.39	3.65	48.865	49.054	443.360	0.000	0.000	1.886
R1-CONV-Control	R1	CONV	Control	Rioja	3_end	0.37	16	0.18	7.47	0.07	1.17	25	14.53	1.53	0	1.1	3.49	34.407	7.349	283.470	0.000	0.000	5.303
R1-CONV-18C	R1	CONV	18C	Rioja	3_end	0.4	69	114.13	5.88	0.03	1.02	17	7.5	1.07	0	0.18	3.22	228.665	103.897	431.137	0.000	0.000	2.786
R1-CONV-NH4	R1	CONV	NH4	Rioja	3_end	0.4	230	103.77	5.41	0.4	1.09	55	8.01	0.86	0	0.31	3.43	124.726	36.130	259.259	0.000	0.000	1.299
R1-CONV-SO2	R1	CONV	SO2	Rioja	3_end	0.33	28	72.27	7.52	5.27	0.86	24	9.74	1.35	0.09	0.99	2.97	22.264	5.135	640.993	0.000	0.000	2.716
R1-ECO-Control	R1	ECO	Control	Rioja	3_end	0.29	13	86.5	7.26	9.07	1.52	23	9.15	0.31	0	1.54	3.18	9.077	25.494	474.542	0.000	0.000	2.265
R1-ECO-18C	R1	ECO	18C	Rioja	3_end	0.43	18	77.68	6.33	4.38	1.14	21	9.82	0.57	0	1.67	3.02	91.888	33.359	361.807	0.000	0.000	0.933
R1-ECO-NH4	R1	ECO	NH4	Rioja	3_end	0.29	107	93.36	5.8	11.61	1.37	44	8.6	0	0.03	0.1	2.82	19.149	32.378	183.081	0.000	0.000	2.404
R1-ECO-SO2	R1	ECO	SO2	Rioja	3_end	0.29	0	80.58	7.09	9.04	1.53	30	9.58	0.48	0	1.6	3.01	22.341	38.589	421.160	0.000	1.017	0.951
R2-CONV-Control	R2	CONV	Control	Rioja	3_end	0.3	0	95.89	8.15	1.43	1.45	23	9.28	0.47	0.29	1.12	3.04	44.682	19.653	726.114	0.000	0.000	3.234
R2-CONV-18C	R2	CONV	18C	Rioja	3_end	0.11	21	99.11	5.56	7.53	1.49	22	9.74	0.36	0.06	1.19	3.12	31.540	73.372	629.871	0.000	0.000	4.767
R2-CONV-NH4	R2	CONV	NH4	Rioja	3_end	0.26	205	103.22	7.53	13.96	1.24	54	8.12	0	0.14	0.26	2.73	12.544	63.478	411.713	0.000	0.213	1.929
R2-CONV-SO2	R2	CONV	SO2	Rioja	3_end	0.03	15	35.46	9.26	0.05	4.13	16	12.98	1.02	0.3	1.76	2.85	1.204	3.766	445.356	0.000	1.770	8.206
R2-ECO-Control	R2	ECO	Control	Rioja	3_end	0.21	0	120.08	7.1	8.2	1.16	28	8.29	0.24	0.22	1.25	3.17	41.245	95.567	1191.928	0.000	4.208	1.769
R2-ECO-18C	R2	ECO	18C	Rioja	3_end	0.31	7	113.52	6.55	2.18	1.32	17	8.36	0.13	0.17	1.09	2.98	51.515	35.574	508.790	0.000	0.054	4.596
R2-ECO-NH4	R2	ECO	NH4	Rioja	3_end	0.18	155	103.93	6.76	9.21	1.22	41	8.04	0	0.25	0.41	2.87	189.240	127.563	1641.593	0.000	0.000	0.480
R2-ECO-SO2	R2	ECO	SO2	Rioja	3_end	0.23	11	106.83	7.46	5.73	1.28	21	8.42	0.37	0.27	1.44	3	87.611	33.266	735.078	0.000	2.724	4.793
R3A-CONV-Control	R3A	CONV	Control	Rioja	3_end	0.25	6	72.05	8.75	0.76	1.46	24	11.21	0.5	0.12	2.21	3.38	6.494	0.167	60.238	1.751	2.965	10.063
R3A-CONV-18C	R3A	CONV	18C	Rioja	3_end	NA	NA	NA	NA	NA	NA	NA	NA	NA	NA	NA	NA	57.823	1.012	595.278	17.982	0.000	16.373
R3A-CONV-NH4	R3A	CONV	NH4	Rioja	3_end	0.32	201	87.13	6.3	8.14	1.5	35	9.86	0	0.15	0.7	3.2	5.735	0.932	119.061	17.080	0.000	5.673
R3A-CONV-SO2	R3A	CONV	SO2	Rioja	3_end	0.27	14	99.06	7.26	0.07	2.29	16	8.97	0.06	0.29	1.59	3.21	6.308	0.325	199.098	2.498	3.957	5.181
R3A-ECO-Control	R3A	ECO	Control	Rioja	3_end	0.24	11	102.05	5.82	8.87	1.12	25	8.64	0.4	0.04	1.05	2.99	88.312	114.225	659.006	0.000	0.280	4.383
R3A-ECO-18C	R3A	ECO	18C	Rioja	3_end	0.31	18	96.24	6.17	9.52	0.99	12	9.1	0.19	0	1.07	2.98	31.540	43.254	491.444	0.000	0.000	4.034
R3A-ECO-NH4	R3A	ECO	NH4	Rioja	3_end	0.42	227	92.4	5.59	0.72	1.9	39	9.61	0.64	0	0.33	3.56	32.666	10.909	167.204	0.000	0.000	3.847
R3A-ECO-SO2	R3A	ECO	SO2	Rioja	3_end	0.28	15	98.5	7.01	14.38	1.12	22	8.46	0	0	1.1	2.78	11.828	57.354	373.215	0.000	0.000	0.900
R3B-CONV-Control	R3B	CONV	Control	Rioja	3_end	0.55	8	18.56	9.48	3.54	1.23	19	13.56	0.3	0	1.61	3.13	23.048	10.844	349.017	0.000	2.136	11.195
R3B-CONV-18C	R3B	CONV	18C	Rioja	3_end	0.25	8	85.24	6.61	3.62	1.2	23	NA	NA	NA	NA	NA	40.551	12.077	336.870	0.000	0.214	7.421
R3B-CONV-NH4	R3B	CONV	NH4	Rioja	3_end	0.22	201	94.94	5.92	12.06	1.15	52	8.63	0	0.07	0.21	2.92	35.483	45.585	329.678	0.000	0.375	2.432
R3B-CONV-SO2	R3B	CONV	SO2	Rioja	3_end	0.23	12	90.14	8.11	8.11	1.38	29	9.35	0.86	0.06	1.6	3.03	15.244	12.817	283.770	0.000	1.190	1.500
R3B-ECO-Control	R3B	ECO	Control	Rioja	3_end	0.24	8	114.52	6.06	10.56	1.34	19	7.8	0.43	0.02	1.32	3.13	2.589	12.856	75.697	0.000	5.916	3.761
R3B-ECO-18C	R3B	ECO	18C	Rioja	3_end	0.41	7	95.46	5.38	5.04	1.24	17	8.71	0.5	0	1.33	2.93	55.912	23.759	399.535	0.000	1.162	3.611
R3B-ECO-NH4	R3B	ECO	NH4	Rioja	3_end	0.19	75	102.84	5.28	11.7	1.17	87	7.79	0	0.09	0.15	2.79	12.616	13.983	175.281	0.000	0.000	4.949
R3B-ECO-SO2	R3B	ECO	SO2	Rioja	3_end	0.27	10	104.81	5.75	10.02	1.25	19	8.52	0	0.03	1.05	2.95	15.770	44.492	238.253	0.000	3.478	3.297
R3C-CONV-Control	R3C	CONV	Control	Rioja	3_end	0.2	0	104.65	6.62	10.87	1.38	23	8.69	0.7	0.03	1.51	3.2	9.462	0.000	29.384	0.000	0.000	0.000
R3C-CONV-18C	R3C	CONV	18C	Rioja	3_end	0.27	0	90.72	6.68	8.16	1.07	9	9.34	0.33	0.07	1.44	3.13	16.646	24.523	239.537	0.000	1.872	5.820
R3C-CONV-NH4	R3C	CONV	NH4	Rioja	3_end	0.27	187	115.86	6.39	16.77	1.22	40	7.85	0	0.1	0.14	2.88	15.770	56.160	243.058	0.000	1.209	4.177
R3C-CONV-SO2	R3C	CONV	SO2	Rioja	3_end	0.24	15	90.53	8.42	4.15	1.3	14	9.92	1.07	0.07	1.83	3.32	22.529	2.602	447.629	0.000	0.000	10.385
R3C-ECO-Control	R3C	ECO	Control	Rioja	3_end	0.36	0	94.75	8.84	1.35	1.33	10	9.69	0.97	0.15	1.55	3.29	10.842	13.394	321.293	0.000	1.442	5.558
R3C-ECO-18C	R3C	ECO	18C	Rioja	3_end	0.4	0	104.39	8.41	0.49	1.58	23	9.23	0.48	0.17	1.39	3.28	37.848	39.443	684.066	0.000	3.012	13.650
R3C-ECO-NH4	R3C	ECO	NH4	Rioja	3_end	0.33	133	102.01	7.92	2.58	1.33	32	9.18	0.25	0.25	0.44	3.13	NA	NA	NA	NA	NA	NA
R3C-ECO-SO2	R3C	ECO	SO2	Rioja	3_end	0.35	0	127.78	8.02	0.16	1.73	27	7.79	0.8	0.24	1.21	3.27	29.287	35.762	512.529	0.000	0.616	4.863
RdG-CONV-Control	RdG	CONV	Control	Ribera del Guadiana	3_end	1.19	141	1.28	9.08	0.04	0.43	140	13.91	2.07	0	0.47	3.18	6.308	31.001	230.916	0.000	1.792	12.888
RdG-CONV-18C	RdG	CONV	18C	Ribera del Guadiana	3_end	0.68	183	26.61	8.67	0.01	1.09	91	12.39	2.23	0.06	0.7	3.22	19.090	26.789	154.845	0.000	11.745	6.505
RdG-CONV-NH4	RdG	CONV	NH4	Ribera del Guadiana	3_end	0.97	233	1.06	8.72	0.01	0.45	190	13.88	1.69	0	0.26	3.37	165.585	40.459	540.049	0.000	2.258	15.792
RdG-CONV-SO2	RdG	CONV	SO2	Ribera del Guadiana	3_end	0.86	139	0.42	8.37	0.01	0.42	110	13.78	1.84	0.05	0.45	3.21	68.337	32.928	557.941	0.000	2.932	9.301
RdG-ECO-Control	RdG	ECO	Control	Ribera del Guadiana	3_end	0.34	8	69.78	7.87	0.54	1.42	26	10.4	1.59	0.01	1.89	3.64	NA	NA	NA	NA	NA	NA
RdG-ECO-18C	RdG	ECO	18C	Ribera del Guadiana	3_end	0.24	10	59.98	7.94	1.45	1.59	23	11.31	1.39	0	2.06	3.71	69.388	48.485	729.745	0.000	2.224	3.910
RdG-ECO-NH4	RdG	ECO	NH4	Ribera del Guadiana	3_end	0.41	222	64.37	7.31	1.85	1.67	68	10.71	1.37	0.05	0.71	3.74	21.027	25.327	159.037	0.000	0.000	1.044
RdG-ECO-SO2	RdG	ECO	SO2	Ribera del Guadiana	3_end	0.18	12	71.54	7.6	4.77	1.37	28	10.39	1.61	0.04	2.49	3.47	25.232	40.192	886.431	0.000	0.691	2.372
VLP-CONV-Control	VLP	CONV	Control	Valdepeñas	3_end	0.7	24	0.02	8.92	0	1.75	34	11.59	1.48	0	1.74	3.51	21.027	46.610	971.274	0.000	2.716	0.403
VLP-CONV-18C	VLP	CONV	18C	Valdepeñas	3_end	0.14	18	0.19	8.11	0.01	2.19	21	12.3	1.7	0	1.75	3.54	25.232	58.204	565.175	0.000	3.794	1.949
VLP-CONV-NH4	VLP	CONV	NH4	Valdepeñas	3_end	0.59	28	0.02	9.98	0.01	1.47	72	11.7	1.52	0.04	1.3	3.47	43.806	50.454	841.750	0.000	6.396	1.874
VLP-CONV-SO2	VLP	CONV	SO2	Valdepeñas	3_end	0.08	11	0.08	9.66	0.02	1.66	46	12.64	1.59	0.05	1.78	3.58	7.885	77.513	1496.515	0.000	0.744	3.143
VLP-ECO-Control	VLP	ECO	Control	Valdepeñas	3_end	0.09	30	0.03	9.82	0.01	1.38	40	14.71	1.2	0.06	2.18	3.51	33.793	19.053	336.781	0.000	0.000	1.162
VLP-ECO-18C	VLP	ECO	18C	Valdepeñas	3_end	0.07	14	0.18	9.31	0.02	1.64	27	14.87	1.34	0	2.12	3.59	34.694	60.996	459.867	0.000	0.000	1.461
VLP-ECO-NH4	VLP	ECO	NH4	Valdepeñas	3_end	0.18	26	0.04	9.99	0	0.74	108	14.32	0.96	0.12	1.36	3.47	NA	NA	NA	NA	NA	NA
VLP-ECO-SO2	VLP	ECO	SO2	Valdepeñas	3_end	0.12	16	0.13	9.73	0.04	1.22	50	14.01	1.39	0.03	1.74	3.59	NA	NA	NA	NA	NA	NA
