Sample_ID	Ethanol	pH	Total_acidity	Acetic_acid	Lactic_acid	Tartaric_acid	Citric_acid	Succinic_acid	Glucose	Fructose	Sugars	Glycerol
LM-CONV-Control	12.31	3.43	4.52	0.42	0	0.32	0	0.65	0	0.98	0	4.43
LM-CONV-18C	11.98	3.41	4.47	0.29	0	0.48	0	0.66	0.47	2	0.61	4.21
LM-CONV-NH4	12.36	3.38	4.96	0.41	0	0.25	0	0.28	0	0.49	0	4.35
LM-CONV-SO2	11.78	3.46	4.7	0.45	0	0.65	0	0.86	0	0.1	0	4.19
LM-ECO-Control	8.88	3.17	7.39	NA	2.56	0.41	0.12	1.56	23.8	31.62	50.81	6.14
LM-ECO-18C	9.52	3.2	6.71	0.17	1.69	0.72	0.03	1.54	16.13	24.38	34.29	5.4
LM-ECO-NH4	9.18	3.15	7.45	NA	2.21	0.27	0.12	1.34	20.22	27.06	42.37	6.54
M-CONV-Control	6.24	3.39	5.04	0.75	0	0.5	0.02	0.28	50.62	54.83	102.88	3.04
M-CONV-18C	5.39	3.25	4.94	0.54	0.03	0.41	0.07	0.29	55.96	65.33	115.72	2.87
M-CONV-NH4	6.98	3.34	5.28	0.45	0	0.2	0	0.37	43.1	49.71	87.21	3.44
M-ECO-Control	5.75	3.24	5.02	1.58	0	0.54	0	0.1	51.01	58.94	105.07	3.67
M-ECO-18C	4.79	3.2	5.01	1.11	0	0.42	0	0.25	60.65	68.05	123.9	3.57
M-ECO-NH4	5.84	3.2	5.54	1.49	0	0.13	0	0.08	49.87	58.63	101.84	3.7
R1-CONV-Control	11.16	3.23	5.44	1.6	0	0.34	0	0.57	1.22	3.26	2.11	5.48
R1-CONV-18C	4.91	3.24	4.8	0.74	0	0.03	0	0.29	61.24	67.65	125.49	2.5
R1-CONV-NH4	4.26	3.25	5.51	0.64	0	0	0	0.28	65.04	68.4	132.57	2.28
R1-ECO-Control	11.66	3.22	7.38	0.27	2.33	0.28	0	1.61	1.73	3.61	4.74	7.02
R1-ECO-18C	9.62	3.13	6.81	0.2	2.1	0.19	0	1.28	20.49	28.08	42.76	5.12
R1-ECO-NH4	9.3	3	7.83	NA	3.17	0	0.06	0.8	21	28.24	43.45	5.23
R1-ECO-SO2	6.43	2.98	5	0.45	0.42	0.14	0.14	0.48	47.79	66.4	98.42	1.4
R2-CONV-Control	9.18	3.06	5.77	0.49	1.89	0.1	0	0.54	25.39	39.55	52.9	3.17
R2-CONV-18C	10.72	3.16	4.97	0.59	0.94	0.3	0	0.43	13.11	23.33	27.2	3.49
R2-CONV-NH4	10	3.09	6.47	0.46	1.91	0.13	0	0.41	17.62	28.86	36.11	3.29
R2-CONV-SO2	8.72	3.12	4.53	0.48	0.3	0.25	0	0.57	29.96	48.27	61.68	3.69
R2-ECO-Control	8.91	2.83	13.53	0.19	10.28	0	0	0.84	22.78	26.15	52.07	2.82
R2-ECO-18C	9.59	2.77	14.52	0.24	11.18	0	0	0.88	15.16	17.69	37.35	2.91
R2-ECO-NH4	9.36	2.82	13.51	0.02	10.36	0	0	0.39	18.14	20.28	41.77	2.54
R3A-CONV-Control	9.58	3.16	6.91	0.04	2.11	0.61	0.05	1.91	18.57	28.39	39.85	6.28
R3A-CONV-18C	10.04	3.05	8.72	0.13	4.55	0.02	0	1.16	16.14	24.47	35.72	4.55
R3A-CONV-NH4	9.45	2.84	13.04	0.04	9.79	0	0	0.52	18.24	22.13	41.59	2.7
R3A-ECO-Control	8.93	2.91	11.34	0.18	7.77	0	0	0.86	23.06	28.49	51.6	3.12
R3A-ECO-18C	9	2.89	11.66	0.23	7.91	0	0	1.05	22.3	27.45	50.03	3.54
R3A-ECO-NH4	9.35	3.06	7.26	NA	2.57	0.04	0	1.08	21.59	32.2	45.18	5.05
R3B-CONV-Control	12.13	3.25	7.51	0.25	2.31	0.68	0	0.89	0.19	0.17	1.05	4.8
R3B-CONV-18C	10.68	3.16	7.35	0.15	3.11	0.31	0	1.07	5.5	10.21	12.69	4.24
R3B-CONV-NH4	12.05	3.24	6.69	0.17	2.13	0.03	0	0.35	0	0	0	4.59
R3B-CONV-SO2	12.52	3.41	4.55	0.35	0.05	0.35	0	0.73	0	0.42	0	4.61
R3B-ECO-Control	9.2	2.94	12.07	0.18	8.73	0	0	1.07	20.7	25.25	47.32	3.31
R3B-ECO-18C	9.35	2.99	11.96	0.26	8.2	0	0	1.3	17.94	21.96	41.61	3.93
R3B-ECO-NH4	11.4	2.89	12.45	0.06	8.59	0	0	0.5	0	0	3.46	4.03
R3C-ECO-Control	9.06	3	12.28	0.22	8.56	0	0	1.26	20.23	24.47	46.2	3.7
R3C-ECO-18C	9.62	2.9	13.53	0.25	10.24	0	0	1	15.76	18.07	37.85	3.55
R3C-ECO-NH4	9.28	2.91	11.4	NA	7.98	0	0	0.56	19.2	23.36	42.39	3.29
R3C-ECO-SO2	11.93	3.33	5.83	0.47	0	0.5	0	1.11	1.23	3.49	2.67	5.27
RdG-CONV-Control	9.52	3.06	4.79	0.62	0.29	0.45	0.12	0.64	21.95	43.64	46.38	4.21
RdG-CONV-18C	11.35	3.33	4.82	0.77	0	0.37	0	0.7	4.71	11.59	9.89	5.31
RdG-CONV-NH4	9.28	3.06	5.16	0.42	0.35	0.33	0.02	0.52	21.73	42.79	45.06	4.12
RdG-CONV-SO2	10.9	3.23	5.24	0.84	0.1	0.63	0	0.97	10.33	23.14	21.77	4.61
RdG-ECO-Control	7.52	3.29	5.1	0.65	0	0.5	0	0.56	39.42	47.67	80.9	3.47
RdG-ECO-18C	6.2	3.13	5.63	0.79	0.76	0.46	0.01	0.44	48.1	59.82	99.62	3.16
RdG-ECO-NH4	6.66	3.45	5.65	0.21	0.41	0.27	0	0.61	46.39	44.6	92.84	3.78
VLP-CONV-Control	11.28	3.44	4.61	0.63	0	0.53	0	0.48	0.3	2.01	0.27	4.08
VLP-CONV-18C	12.51	3.46	4.72	0.64	0	0.2	0	0.53	0	0.46	0	4.64
VLP-CONV-NH4	12.24	3.42	4.93	0.45	0	0.19	0	0.23	0	0.05	0	4.55
VLP-CONV-SO2	12.62	3.48	4.4	0.42	0	0.3	0	0.54	0	0.07	0	4.05
VLP-ECO-Control	12.09	3.46	4.06	0.35	0	0.47	0	0.44	0	0.25	0	3.76
VLP-ECO-18C	12.64	3.49	4.11	0.43	0	0.36	0	0.46	0	0.11	0	3.78
VLP-ECO-NH4	12.26	3.41	4.6	0.37	0	0.16	0	0.17	0	0	0	4.13
VLP-ECO-SO2	12.44	3.47	4.04	0.28	0.04	0.6	0.01	0.47	0	0.31	0	3.91
