Seq_ID	Origin	Farming	Condition	Stage	Time	Latitude	Longitude	Variety	Date	Density_must	pH_must	Acetic_acid	Ammonia	Sugars	Glycerol	Lactic_acid	Malic_acid	PAN	Ethanol	Tartaric_acid	Citric_acid	Succinic_acid	pH	CFU	CFU_max	Total_fermentation_days	Weight_loss_max	Weight_loss_average	Time_hours_CFU_max	Region
-	LM	CONV	Control	3_end	576	39.183196	-2.169892	Tempranillo	29/08/2020	1088	3.54	0.23	7	0.34	9.43	0.05	2.3	13	13.74	1.25	0.03	2.15	3.33	2.82E+07	6.00E+07	24	0.501393875	0.19	192	La Mancha
-	LM	CONV	18C	3_end	1032	39.183196	-2.169892	Tempranillo	29/08/2020	1088	3.54	0.22	11	3.56	7.31	0.01	2.28	7	13.82	1.02	0	1.75	3.35	1.25E+06	6.80E+07	43	0.511393207	0.11	216	La Mancha
-	LM	CONV	NH4	3_end	528	39.183196	-2.169892	Tempranillo	29/08/2020	1088	3.54	0.19	12	0.03	9.95	0	1.51	60	13.25	1.02	0.14	1.43	3.27	7.66E+07	1.12E+08	22	1.252840258	0.22	96	La Mancha
-	LM	CONV	SO2	3_end	696	39.183196	-2.169892	Tempranillo	29/08/2020	1088	3.54	0.23	18	0.1	8.67	0	2.69	26	13.75	1.52	0.05	1.98	3.35	2.31E+07	3.52E+08	29	0.568482823	0.17	72	La Mancha
-	LM	ECO	Control	3_end	816	39.0944483	-2.3329039	Tempranillo	29/08/2020	1103	3.8	0.51	12	7.76	9.86	2.24	1.42	32	15.99	0.67	0.13	1.81	3.59	1.10E+06	1.60E+08	34	0.903728881	0.18	192	La Mancha
-	LM	ECO	18C	3_end	1032	39.0944483	-2.3329039	Tempranillo	29/08/2020	1103	3.8	0.15	13	0.57	9.17	0.02	1.97	30	17.22	0.43	0.05	1.63	3.5	1.87E+07	8.00E+07	43	0.67623322	0.13	192	La Mancha
-	LM	ECO	NH4	3_end	528	39.0944483	-2.3329039	Tempranillo	29/08/2020	1103	3.8	0.31	76	1.07	9.26	2.85	1.31	76	16.53	0.45	0.1	0.89	3.43	4.70E+06	4.48E+07	22	1.183219075	0.25	120	La Mancha
-	LM	ECO	SO2	3_end	648	39.0944483	-2.3329039	Tempranillo	29/08/2020	1103	3.8	0.13	23	2.12	9.69	0.02	1.73	48	16.41	1.42	0.06	2.1	3.62	6.96E+06	1.20E+08	27	2.025581969	0.22	264	La Mancha
-	M	CONV	Control	3_end	480	40.099700	-3.390333	Tempranillo	02/09/2020	1111	3.74	0.47	33	177.55	5.05	0.03	1.52	30	7.34	0.83	0	0.12	3.88	8.00E+03	4.00E+06	20	0.503947589	0.14	96	Madrid
-	M	CONV	18C	3_end	984	40.099700	-3.390333	Tempranillo	02/09/2020	1111	3.74	0.67	57	167.57	6.31	0.03	1.3	24	8.01	0.6	0	0.16	4.03	3.24E+06	4.40E+07	41	0.310613352	0.07	144	Madrid
-	M	CONV	NH4	3_end	480	40.099700	-3.390333	Tempranillo	02/09/2020	1111	3.74	0.47	232	168.6	5.01	0.04	1.6	68	7.75	1.06	0	0.04	4.22	0.00E+00	1.20E+08	20	0.53412945	0.15	168	Madrid
-	M	CONV	SO2	3_end	768	40.099700	-3.390333	Tempranillo	02/09/2020	1111	3.74	0.52	24	170.77	6.23	0.08	1.21	41	7.61	0.74	0	0.17	3.76	8.00E+03	4.40E+07	32	0.538072372	0.09	144	Madrid
-	M	ECO	Control	3_end	816	40.1161247	-3.3723842	Tempranillo	02/09/2020	1107	3.51	0.63	60	160.78	7.62	1.25	0.43	16	7.66	0.16	0.03	0.35	3.31	4.35E+05	8.00E+07	34	0.498401354	0.11	168	Madrid
-	M	ECO	18C	3_end	672	40.1161250	-3.3723845	Tempranillo	02/09/2020	1107	3.51	0.58	72	169.57	8.32	0.63	0.39	12	6.93	0.51	0	0.3	3.42	2.42E+06	5.20E+07	28	0.366144984	0.1	96	Madrid
-	M	ECO	NH4	3_end	840	40.1161256	-3.3723851	Tempranillo	02/09/2020	1107	3.51	0.65	232	152.27	7.88	1.68	0.29	42	7.86	0.1	0	0.24	3.38	8.20E+04	4.28E+07	35	0.477326969	0.09	48	Madrid
-	M	ECO	SO2	3_end	816	40.1161253	-3.3723848	Tempranillo	02/09/2020	1107	3.51	0.6	26	172.14	7.17	0.04	0.88	35	7.08	0.24	0	0.39	3.65	5.10E+05	4.80E+07	34	0.500339737	0.09	96	Madrid
-	R1	CONV	Control	3_end	744	42.1405764	-1.8781454	Tempranillo	02/09/2020	1092	3.44	0.37	16	0.18	7.47	0.07	1.17	25	14.53	1.53	0	1.1	3.49	2.03E+07	4.88E+07	31	0.89265888	0.15	48	Rioja
-	R1	CONV	18C	3_end	816	42.1405764	-1.8781454	Tempranillo	02/09/2020	1092	3.44	0.4	69	114.13	5.88	0.03	1.02	17	7.5	1.07	0	0.18	3.22	5.06E+06	8.00E+07	34	0.381886477	0.07	96	Rioja
-	R1	CONV	NH4	3_end	648	42.1405764	-1.8781454	Tempranillo	02/09/2020	1092	3.44	0.4	230	103.77	5.41	0.4	1.09	55	8.01	0.86	0	0.31	3.43	3.90E+05	8.00E+07	27	0.582045172	0.11	144	Rioja
-	R1	CONV	SO2	3_end	456	42.1405764	-1.8781454	Tempranillo	02/09/2020	1092	3.44	0.33	28	72.27	7.52	5.27	0.86	24	9.74	1.35	0.09	0.99	2.97	6.26E+05	7.60E+07	19	1.013817349	0.19	144	Rioja
-	R1	ECO	Control	3_end	456	42.135349	-1.871122	Tempranillo	02/09/2020	1095	3.48	0.29	13	86.5	7.26	9.07	1.52	23	9.15	0.31	0	1.54	3.18	2.57E+06	4.80E+07	19	0.629668498	0.18	92	Rioja
-	R1	ECO	18C	3_end	1008	42.135349	-1.871122	Tempranillo	02/09/2020	1095	3.48	0.43	18	77.68	6.33	4.38	1.14	21	9.82	0.57	0	1.67	3.02	3.11E+07	9.20E+07	42	0.388098318	0.08	96	Rioja
-	R1	ECO	NH4	3_end	456	42.135349	-1.871122	Tempranillo	02/09/2020	1095	3.48	0.29	107	93.36	5.8	11.61	1.37	44	8.6	0	0.03	0.1	2.82	1.20E+04	6.40E+07	19	1.061455883	0.17	72	Rioja
-	R1	ECO	SO2	3_end	456	42.135349	-1.871122	Tempranillo	02/09/2020	1095	3.48	0.29	0	80.58	7.09	9.04	1.53	30	9.58	0.48	0	1.6	3.01	2.00E+05	1.20E+08	19	0.684637551	0.19	144	Rioja
-	R2	CONV	Control	3_end	576	42.1405764	-1.8781454	Tempranillo	02/09/2020	1097	3.52	0.3	0	95.89	8.15	1.43	1.45	23	9.28	0.47	0.29	1.12	3.04	1.86E+06	4.00E+07	24	0.50833098	0.13	144	Rioja
-	R2	CONV	18C	3_end	792	42.1405764	-1.8781454	Tempranillo	02/09/2020	1097	3.52	0.11	21	99.11	5.56	7.53	1.49	22	9.74	0.36	0.06	1.19	3.12	1.56E+06	4.00E+07	33	0.485506799	0.12	144	Rioja
-	R2	CONV	NH4	3_end	456	42.1405764	-1.8781454	Tempranillo	02/09/2020	1097	3.52	0.26	205	103.22	7.53	13.96	1.24	54	8.12	0	0.14	0.26	2.73	1.64E+06	4.00E+07	19	0.658515571	0.15	144	Rioja
-	R2	CONV	SO2	3_end	480	42.1405764	-1.8781454	Tempranillo	02/09/2020	1097	3.52	0.03	15	35.46	9.26	0.05	4.13	16	12.98	1.02	0.3	1.76	2.85	0.00E+00	4.92E+07	20	0.642884973	0.21	96	Rioja
-	R2	ECO	Control	3_end	744	42.140991	-1.879401	Tempranillo	02/09/2020	1099	3.57	0.21	0	120.08	7.1	8.2	1.16	28	8.29	0.24	0.22	1.25	3.17	NA	4.00E+07	31	0.61878313	0.1	96	Rioja
-	R2	ECO	18C	3_end	960	42.140991	-1.879401	Tempranillo	02/09/2020	1099	3.57	0.31	7	113.52	6.55	2.18	1.32	17	8.36	0.13	0.17	1.09	2.98	7.12E+06	3.16E+07	40	0.422908601	0.07	264	Rioja
-	R2	ECO	NH4	3_end	456	42.140991	-1.879401	Tempranillo	02/09/2020	1099	3.57	0.18	155	103.93	6.76	9.21	1.22	41	8.04	0	0.25	0.41	2.87	1.40E+06	4.00E+07	19	0.850932951	0.17	144	Rioja
-	R2	ECO	SO2	3_end	744	42.140991	-1.879401	Tempranillo	02/09/2020	1099	3.57	0.23	11	106.83	7.46	5.73	1.28	21	8.42	0.37	0.27	1.44	3	1.60E+06	2.00E+07	31	0.421685396	0.1	312	Rioja
-	R3A	CONV	Control	3_end	960	42.1399472	-1.8816524	Tempranillo	02/09/2020	1098	3.68	0.25	6	72.05	8.75	0.76	1.46	24	11.21	0.5	0.12	2.21	3.38	6.13E+05	9.20E+07	40	0.420768992	0.1	96	Rioja
-	R3A	CONV	NH4	3_end	576	42.1399472	-1.8816524	Tempranillo	02/09/2020	1098	3.68	0.32	201	87.13	6.3	8.14	1.5	35	9.86	0	0.15	0.7	3.2	1.31E+06	8.00E+07	24	1.085667553	0.14	144	Rioja
-	R3A	CONV	SO2	3_end	768	42.1399472	-1.8816524	Tempranillo	02/09/2020	1098	3.68	0.27	14	99.06	7.26	0.07	2.29	16	8.97	0.06	0.29	1.59	3.21	2.34E+05	6.00E+07	32	0.398744379	0.09	144	Rioja
-	R3A	ECO	Control	3_end	456	42.1234189	-1.8844584	Tempranillo	02/09/2020	1096	3.51	0.24	11	102.05	5.82	8.87	1.12	25	8.64	0.4	0.04	1.05	2.99	8.28E+05	4.40E+07	19	0.649283083	0.16	96	Rioja
-	R3A	ECO	18C	3_end	672	42.1234189	-1.8844584	Tempranillo	02/09/2020	1096	3.51	0.31	18	96.24	6.17	9.52	0.99	12	9.1	0.19	0	1.07	2.98	4.32E+05	4.00E+07	28	0.569352897	0.11	144	Rioja
-	R3A	ECO	NH4	3_end	456	42.1234189	-1.8844584	Tempranillo	02/09/2020	1096	3.51	0.42	227	92.4	5.59	0.72	1.9	39	9.61	0.64	0	0.33	3.56	6.60E+05	4.00E+07	19	0.493243803	0.17	96	Rioja
-	R3A	ECO	SO2	3_end	456	42.1234189	-1.8844584	Tempranillo	02/09/2020	1096	3.51	0.28	15	98.5	7.01	14.38	1.12	22	8.46	0	0	1.1	2.78	1.72E+05	8.00E+07	19	0.623033743	0.16	96	Rioja
-	R3B	CONV	Control	3_end	1128	42.1399979	-1.8821292	Tempranillo	02/09/2020	1094	3.52	0.55	8	18.56	9.48	3.54	1.23	19	13.56	0.3	0	1.61	3.13	4.56E+06	8.00E+07	47	0.529975313	0.1	144	Rioja
-	R3B	CONV	18C	3_end	960	42.1399979	-1.8821292	Tempranillo	02/09/2020	1094	3.52	0.25	8	85.24	6.61	3.62	1.2	23	NA	NA	NA	NA	NA	2.53E+06	8.00E+07	40	0.460692864	0.08	144	Rioja
-	R3B	CONV	NH4	3_end	456	42.1399979	-1.8821292	Tempranillo	02/09/2020	1094	3.52	0.22	201	94.94	5.92	12.06	1.15	52	8.63	0	0.07	0.21	2.92	1.20E+04	3.20E+07	19	0.725743268	0.16	96	Rioja
-	R3B	CONV	SO2	3_end	576	42.1399979	-1.8821292	Tempranillo	02/09/2020	1094	3.52	0.23	12	90.14	8.11	8.11	1.38	29	9.35	0.86	0.06	1.6	3.03	1.74E+05	8.00E+07	24	0.621998434	0.14	192	Rioja
-	R3B	ECO	Control	3_end	504	42.1223076	-1.8856191	Tempranillo	02/09/2020	1094	3.47	0.24	8	114.52	6.06	10.56	1.34	19	7.8	0.43	0.02	1.32	3.13	2.04E+06	8.00E+07	21	0.458572173	0.14	96	Rioja
-	R3B	ECO	18C	3_end	1128	42.1223076	-1.8856191	Tempranillo	02/09/2020	1094	3.47	0.41	7	95.46	5.38	5.04	1.24	17	8.71	0.5	0	1.33	2.93	1.06E+07	8.00E+07	47	0.307892091	0.06	144	Rioja
-	R3B	ECO	NH4	3_end	456	42.1223076	-1.8856191	Tempranillo	02/09/2020	1094	3.47	0.19	75	102.84	5.28	11.7	1.17	87	7.79	0	0.09	0.15	2.79	1.20E+04	5.60E+07	19	0.991067896	0.15	48	Rioja
-	R3B	ECO	SO2	3_end	936	42.1223076	-1.8856191	Tempranillo	02/09/2020	1094	3.47	0.27	10	104.81	5.75	10.02	1.25	19	8.52	0	0.03	1.05	2.95	3.40E+06	5.64E+07	39	0.505925251	0.07	408	Rioja
-	R3C	CONV	Control	3_end	456	42.1399912	-1.8824665	Tempranillo	02/09/2020	1098	3.65	0.2	0	104.65	6.62	10.87	1.38	23	8.69	0.7	0.03	1.51	3.2	1.70E+06	4.00E+07	19	0.515942627	0.12	144	Rioja
-	R3C	CONV	18C	3_end	1128	42.1399912	-1.8824665	Tempranillo	02/09/2020	1098	3.65	0.27	0	90.72	6.68	8.16	1.07	9	9.34	0.33	0.07	1.44	3.13	2.77E+06	8.00E+07	47	0.585050646	0.08	144	Rioja
-	R3C	CONV	NH4	3_end	504	42.1399912	-1.8824665	Tempranillo	02/09/2020	1098	3.65	0.27	187	115.86	6.39	16.77	1.22	40	7.85	0	0.1	0.14	2.88	5.58E+04	1.36E+08	21	0.750543569	0.13	72	Rioja
-	R3C	CONV	SO2	3_end	648	42.1399912	-1.8824665	Tempranillo	02/09/2020	1098	3.65	0.24	15	90.53	8.42	4.15	1.3	14	9.92	1.07	0.07	1.83	3.32	9.36E+05	4.96E+07	27	0.616868307	0.13	96	Rioja
-	R3C	ECO	Control	3_end	576	42.12286064	-1.886675892	Tempranillo	02/09/2020	1098	3.57	0.36	0	94.75	8.84	1.35	1.33	10	9.69	0.97	0.15	1.55	3.29	1.11E+06	4.00E+07	24	0.526495289	0.14	96	Rioja
-	R3C	ECO	18C	3_end	960	42.12286064	-1.886675892	Tempranillo	02/09/2020	1098	3.57	0.4	0	104.39	8.41	0.49	1.58	23	9.23	0.48	0.17	1.39	3.28	5.38E+05	8.00E+07	40	0.418142254	0.16	192	Rioja
-	R3C	ECO	NH4	3_end	504	42.12286064	-1.886675892	Tempranillo	02/09/2020	1098	3.57	0.33	133	102.01	7.92	2.58	1.33	32	9.18	0.25	0.25	0.44	3.13	1.04E+04	1.20E+07	21	0.981370592	0.16	192	Rioja
-	R3C	ECO	SO2	3_end	504	42.12286064	-1.886675892	Tempranillo	02/09/2020	1098	3.57	0.35	0	127.78	8.02	0.16	1.73	27	7.79	0.8	0.24	1.21	3.27	8.54E+05	1.60E+08	21	0.510951962	0.07	192	Rioja
-	RdG	CONV	Control	3_end	480	38.771684	-6.127178	Garnacha	11/08/2020	1091	3.45	1.19	141	1.28	9.08	0.04	0.43	140	13.91	2.07	0	0.47	3.18	9.53E+07	2.28E+08	20	0.8681635	0.2	192	Ribera del Guadiana
-	RdG	CONV	18C	3_end	792	38.771684	-6.127178	Garnacha	11/08/2020	1091	3.45	0.68	183	26.61	8.67	0.01	1.09	91	12.39	2.23	0.06	0.7	3.22	NA	3.08E+08	33	0.378872853	0.11	72	Ribera del Guadiana
-	RdG	CONV	NH4	3_end	480	38.771684	-6.127178	Garnacha	11/08/2020	1091	3.45	0.97	233	1.06	8.72	0.01	0.45	190	13.88	1.69	0	0.26	3.37	1.41E+08	2.64E+08	20	0.945939873	0.17	192	Ribera del Guadiana
-	RdG	CONV	SO2	3_end	720	38.771684	-6.127178	Garnacha	11/08/2020	1091	3.45	0.86	139	0.42	8.37	0.01	0.42	110	13.78	1.84	0.05	0.45	3.21	1.71E+07	2.80E+08	30	1.315722372	0.15	290	Ribera del Guadiana
-	RdG	ECO	Control	3_end	528	38.78781	-6.14729	Tempranillo	11/08/2020	1096	3.91	0.34	8	69.78	7.87	0.54	1.42	26	10.4	1.59	0.01	1.89	3.64	3.26E+08	3.56E+08	22	3.432846937	0.16	356	Ribera del Guadiana
-	RdG	ECO	18C	3_end	720	38.78781	-6.14729	Tempranillo	11/08/2020	1096	3.91	0.24	10	59.98	7.94	1.45	1.59	23	11.31	1.39	0	2.06	3.71	8.12E+07	1.48E+08	30	0.537790373	0.11	72	Ribera del Guadiana
-	RdG	ECO	NH4	3_end	480	38.78781	-6.14729	Tempranillo	11/08/2020	1096	3.91	0.41	222	64.37	7.31	1.85	1.67	68	10.71	1.37	0.05	0.71	3.74	8.00E+05	2.80E+08	20	1.169838511	0.17	72	Ribera del Guadiana
-	RdG	ECO	SO2	3_end	528	38.78781	-6.14729	Tempranillo	11/08/2020	1096	3.91	0.18	12	71.54	7.6	4.77	1.37	28	10.39	1.61	0.04	2.49	3.47	4.51E+06	4.80E+07	22	0.730083745	0.15	192	Ribera del Guadiana
-	VLP	CONV	Control	3_end	480	38.815116	-3.391011	Tempranillo	31/08/2020	1084	3.79	0.7	24	0.02	8.92	0	1.75	34	11.59	1.48	0	1.74	3.51	2.34E+07	3.20E+07	20	0.986211099	0.22	48	Valdepeñas
-	VLP	CONV	18C	3_end	480	38.815116	-3.391011	Tempranillo	31/08/2020	1084	3.79	0.14	18	0.19	8.11	0.01	2.19	21	12.3	1.7	0	1.75	3.54	3.00E+07	1.60E+08	20	0.438466427	0.2	192	Valdepeñas
-	VLP	CONV	NH4	3_end	480	38.815116	-3.391011	Tempranillo	31/08/2020	1084	3.79	0.59	28	0.02	9.98	0.01	1.47	72	11.7	1.52	0.04	1.3	3.47	2.70E+07	3.60E+07	20	1.61839101	0.22	192	Valdepeñas
-	VLP	CONV	SO2	3_end	528	38.815116	-3.391011	Tempranillo	31/08/2020	1084	3.79	0.08	11	0.08	9.66	0.02	1.66	46	12.64	1.59	0.05	1.78	3.58	1.47E+08	2.40E+08	22	1.307732226	0.22	144	Valdepeñas
-	VLP	ECO	Control	3_end	480	38.815643	-3.3908634	Tempranillo	31/08/2020	1094	3.78	0.09	30	0.03	9.82	0.01	1.38	40	14.71	1.2	0.06	2.18	3.51	5.24E+07	8.40E+07	20	1.289877027	0.29	72	Valdepeñas
-	VLP	ECO	18C	3_end	480	38.815643	-3.3908634	Tempranillo	31/08/2020	1094	3.78	0.07	14	0.18	9.31	0.02	1.64	27	14.87	1.34	0	2.12	3.59	2.48E+07	1.20E+08	20	0.653838196	0.23	120	Valdepeñas
-	VLP	ECO	NH4	3_end	480	38.815643	-3.3908634	Tempranillo	31/08/2020	1094	3.78	0.18	26	0.04	9.99	0	0.74	108	14.32	0.96	0.12	1.36	3.47	3.25E+07	8.80E+07	20	1.481811102	0.27	72	Valdepeñas
-	VLP	ECO	SO2	3_end	528	38.815643	-3.3908634	Tempranillo	31/08/2020	1094	3.78	0.12	16	0.13	9.73	0.04	1.22	50	14.01	1.39	0.03	1.74	3.59	1.13E+08	1.60E+08	22	1.446842029	0.28	144	Valdepeñas